424.73
156.87
442.62
140.52
449.8
139.52
448.07
242.31
229.9
254.6
179.33
127.57
214.51
401.24
217.84
431.38
404.2
331.56
395.1
383.66
341.11
145.84
219.62
216.47
413.16
231.3
251.98
232.7
176.93
396.39
266.74
306.07
302.3
210.24
220.51
234.74
332.69
139.84
380.28
334.19
146.33
224.12
248.22
339.46
133.77
148.49
407.15
184.26
342.63
253.04
393.57
367.29
174.58
399.82
358.98
361.15
400.68
296.87
143.36
413.07
129.07
233.13
241.84
185.48
408.63
346.95
272.0
403.87
418.46
404.35
249.55
362.43
127.57
439.42
232.29
386.38
151.06
338.98
310.48
217.75
249.71
227.04
226.6
152.55
357.86
409.11
209.65
253.96
185.67
245.41
222.9
257.69
382.08
180.6
320.47
347.15
370.45
246.7
343.05
324.01
855.76
1460.06
837.64
1707.07
1244.95
613.9
1060.04
1484.56
794.29
1412.42
773.07
1526.39
1513.05
1610.75
1591.04
1495.83
816.17
767.63
1307.71
779.7
1721.56
1666.29
827.34
1205.27
802.49
1645.93
846.6
775.44
624.0
822.25
1500.4
962.98
1104.75
893.43
1419.02
799.63
1171.8
1465.31
1483.46
885.09
677.39
985.47
1111.1
866.22
884.87
1384.82
1604.0
1441.09
939.62
1492.02
900.79
1531.88
1034.53
1475.0
1339.08
858.73
1237.39
1133.75
804.77
759.29
1341.51
595.14
1187.3
897.93
1498.33
1421.15
821.81
786.23
1698.07
490.38
793.61
963.8
845.42
1209.58
1301.27
1421.35
1462.21
785.0
725.61
721.68
1524.88
1238.94
890.07
1715.45
978.6
1129.84
793.2
930.66
875.35
1411.22
1569.37
1281.52
922.01
568.71
508.21
1153.53
981.51
732.63
740.36
888.56
1942.8
1596.52
1502.75
976.58
1526.11
2055.3
1116.24
966.91
1212.22
1615.57
1549.08
1335.78
1563.11
1071.57
1744.18
1718.19
1575.23
1105.81
1913.49
1524.33
1021.17
1334.45
1902.19
1749.6
1691.05
1435.98
1365.99
1779.37
1054.35
1638.05
662.11
1557.63
1138.74
1606.95
1069.99
1776.09
1157.62
1628.52
1619.05
1580.94
1091.75
1559.83
766.78
1587.74
1701.92
1815.24
2007.46
1812.71
1601.73
1794.81
1264.4
1228.55
1927.04
1596.89
1830.32
1064.49
1531.51
889.87
1503.41
1253.46
1538.16
1700.9
1872.03
1301.04
1473.29
1741.0
1660.91
1223.74
1425.3
1883.95
1586.95
1822.88
1487.47
1192.35
977.49
909.99
1868.56
1409.76
1542.13
941.35
2017.25
1122.99
1530.46
2016.89
1447.52
1918.23
1814.4
1031.39
1654.34
1203.09
2014.22
1841.49
2086.49
1928.17
1098.92
1490.99
904.22
1891.48
1597.14
1653.5
1434.42
1011.5
1330.73
807.03
1429.18
831.71
1024.68
1472.94
1379.85
1487.1
1072.29
1216.55
1028.98
1215.72
1208.57
877.19
1054.39
662.0
1094.71
1080.41
1557.47
880.2
748.04
1458.71
1548.74
1136.0
1285.88
1510.92
1174.27
867.39
633.76
669.36
655.47
1976.82
1244.9
777.57
737.92
662.91
959.36
1074.92
742.62
897.88
1208.75
1349.34
976.17
1077.29
1313.35
656.2
1084.34
1215.87
1721.97
989.6
634.64
1215.32
659.7
765.52
1286.61
1305.16
628.78
753.28
749.02
1051.92
1900.41
1247.49
637.7
1660.47
1472.38
912.08
762.75
1184.52
1045.79
1075.2
1304.49
1244.96
1258.31
1177.79
1448.9
632.83
761.25
1218.41
775.3
982.54
1332.3
584.43
1106.93
707.09
1972.84
547.39
841.26
1389.52
651.45
975.34
668.17
1431.55
1698.18
1129.11
1370.54
780.8
1116.54
1589.33
947.07
781.2
873.32
1090.72
690.4
495.28
947.36
907.98
528.05
1126.2
637.5
1140.14
766.28
991.06
728.88
627.02
1163.28
550.47
1381.94
537.08
1106.73
464.35
834.14
866.93
697.9
827.26
1307.45
735.91
476.23
1340.93
465.25
775.04
924.15
1021.82
615.2
1442.28
921.79
853.34
767.53
971.45
1035.84
891.05
520.15
662.08
540.2
1079.63
633.66
871.71
1110.28
743.82
273.75
285.82
302.31
717.44
1126.73
521.13
913.58
771.73
503.38
905.63
782.11
768.01
872.31
685.41
1167.13
526.6
828.55
1090.65
1184.55
327.73
771.36
790.46
1177.67
1051.25
722.62
772.98
1155.47
1079.48
786.89
346.2
576.92
710.11
288.09
308.06
716.5
634.28
1174.19
911.65
765.42
1082.76
627.81
631.09
326.44
780.4
311.22
307.31
1160.22
718.12
774.6
772.02
1069.39
913.92
634.24
294.63
1054.01
278.83
782.13
620.92
923.95
635.13
848.8
768.9
652.72
510.94
299.19
847.4
762.29
1163.01
936.9
500.07
975.58
775.33
1173.26
484.03
662.65
529.06
637.08
828.97
785.44
355.35
657.41
987.09
817.18
638.87
289.8
926.59
996.83
305.81
1061.6
625.62
947.59
1028.0
727.09
279.39
525.6
364.87
1140.47
1046.83
341.68
781.92
1511.07
1206.69
1312.32
1403.23
1205.23
508.54
660.23
704.47
1074.57
1476.37
734.29
1419.05
886.56
644.65
1492.77
711.77
746.77
623.2
925.18
1344.96
626.91
615.23
824.12
1513.65
1277.75
709.11
1481.36
671.8
1290.99
637.35
613.66
1147.58
616.45
621.03
772.67
1508.59
1318.34
924.52
1130.71
1275.28
1497.42
862.98
1065.74
1494.6
742.27
1481.51
1382.73
1259.48
828.85
1178.53
1480.2
702.39
1552.63
1406.36
622.37
1404.25
805.88
598.87
776.04
1481.35
840.4
922.78
1171.09
1536.27
1477.76
735.97
1102.84
1220.12
1410.06
627.38
1533.15
517.81
1390.19
547.53
872.95
1316.56
1309.14
689.91
1468.5
1076.38
811.48
672.31
706.53
1500.98
853.33
642.44
1504.69
1418.03
825.33
1497.31
570.08
916.67
685.58
991.51
947.01
1165.32
634.76
1298.95
1428.03
763.59
1840.35
2036.82
2024.46
1858.58
1817.06
2023.52
2009.61
2011.93
2064.88
1944.19
2008.18
1985.69
1757.0
1933.8
1871.0
1953.78
1822.78
2003.01
1886.68
1941.48
1853.13
1792.3
2067.78
1941.06
2037.64
1846.05
1914.05
2086.07
1694.82
2069.88
1820.26
1818.61
1976.14
1968.66
2089.34
1793.57
1807.26
1993.13
1955.91
1780.06
1836.84
1998.99
1968.21
1797.8
1805.78
1986.24
1847.34
1780.84
2151.12
2103.25
1842.14
1987.4
1909.79
1977.25
2033.56
1877.29
1992.92
2143.19
1884.16
1890.77
1818.91
1849.66
1829.44
1980.39
1964.69
1883.9
1959.77
1831.14
2038.48
1792.46
2140.65
1991.85
1877.02
1937.82
1884.79
2075.44
1857.39
2087.61
1943.05
1869.37
1937.64
1876.21
1764.24
1932.91
1951.74
1900.43
1960.87
1813.47
1873.43
2066.63
1810.9
2002.01
2097.81
1869.68
1952.65
1811.57
1987.76
2089.6
1796.22
1936.03
1332.23
1191.36
921.61
1829.11
1463.21
758.6
1286.04
1336.17
549.47
1161.25
2152.84
1525.41
1790.68
1730.62
1544.81
1927.23
1670.0
1796.96
1755.38
1349.61
1394.78
2156.49
1754.66
1841.01
1375.53
1412.01
1616.95
854.12
1913.21
1455.52
1705.68
1569.12
1802.33
1105.85
1366.45
2034.1
640.17
1852.15
1705.36
406.74
1981.3
2006.81
1151.7
678.03
1328.14
1680.48
1868.15
721.14
1613.86
1450.08
1500.45
1441.96
1173.36
2133.59
1582.47
1010.86
1470.18
1916.19
1265.76
1863.49
1329.53
1107.08
858.56
172.04
1379.25
1169.03
1154.51
1957.56
1350.68
847.42
1526.25
1387.74
1381.44
477.95
1502.06
1607.77
1436.91
1685.13
682.15
1662.15
1235.2
954.1
1485.11
1882.73
628.91
1519.2
1495.06
1692.87
970.81
1782.46
2161.34
909.37
1254.62
1334.69
1514.38
1711.89
1783.86
1293.38
1019.92
1177.59
1378.88
1823.59
1578.99
1795.5
1864.16
1838.61
1831.56
1818.56
1337.24
1681.87
1357.55
1241.78
1188.33
1472.6
1395.44
1279.28
1445.49
1425.7
1342.43
1613.34
942.49
1539.63
1781.88
1223.16
1259.47
2132.0
1187.16
1613.52
1554.0
1867.83
537.76
1465.48
1360.46
1127.16
646.24
1452.82
1140.54
1177.12
1747.56
1288.38
887.45
1340.53
786.38
1828.9
1060.0
1913.88
1904.36
1113.15
775.33
1739.82
1634.41
1579.67
1858.96
2126.62
1440.27
768.38
1648.54
700.72
1277.21
1832.41
1881.17
787.68
715.03
1362.83
1606.05
1087.29
787.77
1687.17
1475.43
2019.97
1811.11
1871.25
974.48
1762.96
1100.83
1426.2
1631.94
1909.17
1657.4
1676.03
921.74
1817.05
1878.15
1580.21
1599.34
1419.78
549.97
1047.52
764.13
1427.64
1934.45
1961.01
1271.96
1500.68
1178.61
1513.17
1675.09
1787.48
1323.85
1603.33
1505.76
1388.25
1910.96
1550.17
1109.35
1613.29
1369.77
1484.26
1618.5
1933.86
1491.36
1572.46
1720.26
1521.16
1595.44
2138.96
1888.28
2074.1
1537.19
957.86
1135.38
2153.31
1963.25
1983.92
1375.28
1635.74
862.8
518.28
1406.93
1546.12
1206.23
1024.46
1162.81
1906.66
1955.07
1627.17
1714.98
1930.69
2018.27
1758.71
1526.99
1641.99
1802.1
1487.53
1976.93
1458.93
1312.72
1830.79
1755.12
1852.8
547.12
706.78
1885.02
1579.31
1754.18
1940.24
1604.29
1932.64
1582.42
1979.32
1197.02
1797.35
831.64
1571.1
1684.44
1692.95
1173.15
1507.15
987.99
1852.22
1626.46
747.64
1578.42
1780.86
786.03
1232.05
1635.51
1821.78
1812.67
1056.03
971.16
949.95
948.69
1503.09
1414.78
756.72
1745.62
1077.47
1076.73
1820.35
1519.27
1070.76
1807.29
1226.74
1106.12
1548.88
610.46
1337.64
1176.86
1673.47
752.36
1298.36
1019.98
1866.3
1451.14
1438.29
1739.96
1702.88
866.14
1902.25
1738.7
1105.64
1188.25
1661.11
1586.54
1164.74
1707.15
1731.06
1658.94
1575.41
1452.47
1729.24
776.33
1360.36
1345.05
1610.3
1192.92
1623.23
1835.56
926.92
1490.93
1240.13
1823.29
1618.19
1336.81
651.61
1179.71
1862.56
1654.85
917.75
1850.66
1308.23
1208.57
1816.08
1489.09
1445.67
609.48
1097.62
1802.58
1622.76
941.72
957.01
1860.19
1137.0
1347.16
1754.32
1579.51
1478.57
837.75
1856.41
1534.48
1749.5
1802.08
1399.93
1525.1
1542.41
1896.75
833.11
1718.7
1652.55
1543.62
1390.42
1781.23
825.09
1607.65
1402.06
1873.6
2038.85
1526.37
1597.18
1443.92
1831.05
1649.01
942.13
1014.28
1315.78
1235.4
1468.25
1784.86
2127.35
1499.8
1246.07
1206.98
1139.84
1512.4
1112.18
1958.97
1732.68
1755.17
1269.29
1638.95
1478.17
278.26
2108.51
1387.29
1631.87
1609.9
1759.47
1877.12
981.5
646.89
1131.62
674.07
1761.71
1793.62
1895.16
454.88
1389.34
1709.55
1544.0
1581.5
1469.07
1176.17
1792.3
1105.91
1614.07
1649.09
1517.69
1962.56
1666.75
724.36
1615.48
623.8
1610.32
1794.75
1798.51
839.4
1483.83
1216.67
957.85
1716.27
861.44
1648.24
1645.71
1652.18
1944.87
1849.51
1504.76
1161.24
1174.49
1703.3
1233.91
1538.81
1492.95
681.44
1162.85
1333.15
1012.88
1822.93
1343.0
2011.73
523.39
1774.95
1481.23
1862.53
1713.65
373.12
790.11
1771.09
636.32
994.21
1523.72
1493.44
1708.37
1352.45
1823.94
1341.2
1754.07
812.29
1511.12
1515.58
1107.49
1512.02
1576.13
1634.12
472.69
1188.75
828.45
1436.77
1551.48
1084.34
1127.17
950.76
1098.07
1091.01
1586.9
1895.06
1920.68
1940.52
1350.92
1935.76
1811.7
1042.15
1220.91
768.22
1090.32
1492.86
1168.53
1809.22
1812.53
1493.27
808.39
1519.4
1248.47
1696.6
1692.0
1905.69
1206.91
1792.09
839.46
1520.18
1310.02
1103.16
1700.36
1381.1
1612.21
1695.82
923.79
1248.65
1579.86
697.19
1625.02
1363.19
873.87
1904.55
1492.23
2157.12
1198.32
513.22
1085.97
1496.17
1879.22
1782.16
1712.15
1359.02
1339.7
1646.46
1622.99
1408.11
1450.97
1890.48
1387.29
1588.65
1427.52
1664.4
1838.03
1806.13
1825.17
1300.24
1128.97
1093.03
1471.38
1579.26
964.11
1974.26
1549.43
785.44
1546.34
1989.55
1490.07
1138.0
1048.75
1503.94
1241.32
824.07
1364.25
959.41
1402.97
1214.19
1312.46
1636.8
955.82
1222.13
1169.52
1144.2
1490.76
1668.64
770.73
1705.0
1226.48
455.96
1364.21
983.77
1450.82
970.85
1654.43
1212.22
1375.72
1330.7
1728.5
1144.02
1613.25
1192.95
1620.01
1899.04
2103.28
1673.89
1286.58
635.45
1755.04
1550.78
1487.2
1431.18
1548.63
1894.49
1527.97
1472.35
1488.77
1066.3
2045.59
1838.12
1946.09
1111.62
1380.33
1521.33
1629.07
1441.59
653.26
1807.38
1451.02
1758.67
1379.07
871.73
1717.1
1777.25
1372.77
1905.95
1533.57
1569.63
747.16
1508.9
2127.91
1383.18
1568.54
1905.29
1706.71
1481.39
1862.01
1492.04
1522.53
1531.58
1497.12
1564.27
2103.92
927.78
765.23
1852.45
1487.78
1269.99
418.15
1380.84
802.47
977.82
1846.12
985.5
1501.16
1740.63
1758.49
1364.36
1823.79
1382.1
1171.72
1402.66
1857.18
1549.05
1660.79
1602.2
1400.94
1000.35
1532.91
1497.6
1226.23
1474.01
1671.17
1569.06
1225.41
1681.59
1514.5
1631.68
1760.63
1094.48
1924.58
1502.56
1815.65
1046.72
2087.74
1536.34
1933.99
1310.32
1064.98
1917.51
1767.69
1518.18
1010.82
1290.21
1834.4
1545.91
1584.16
1365.53
430.8
1623.49
968.47
919.47
1257.58
2177.28
1292.14
1406.86
1701.36
998.19
659.68
1331.76
1513.47
1408.64
1556.24
985.02
1121.95
1363.01
1400.29
1488.76
1327.4
1911.57
1499.52
1196.63
820.71
1512.66
1749.72
1545.83
1431.99
1501.01
715.58
1462.87
1041.74
827.52
1335.36
1546.12
1616.43
1865.37
1252.81
1719.18
914.3
1609.54
1862.67
1019.34
1915.21
1211.72
1882.9
747.03
607.59
1493.05
1081.15
1798.96
1260.84
1820.63
1535.18
1474.24
1654.7
1195.64
877.1
1801.12
1723.55
583.2
1201.49
818.33
1134.73
897.41
1495.79
1434.23
1548.2
2061.3
605.1
798.78
561.3
1333.25
1091.42
1583.05
1013.5
2149.72
1620.1
274.9
1515.74
1248.81
633.62
1192.91
1451.89
847.31
1742.42
1812.79
1702.39
796.22
417.03
1508.45
1064.09
1509.66
1501.08
1171.54
1668.39
436.92
651.82
1680.71
1638.39
762.11
968.13
1130.6
1441.33
1477.06
1383.52
1790.65
391.05
1357.13
828.83
1515.91
1640.53
1767.82
1665.03
1474.36
1865.81
1410.77
1905.89
1222.54
1604.7
892.31
1458.5
1228.42
773.23
1553.96
1672.35
1556.57
1700.14
1406.82
1666.72
1485.67
1190.36
1332.17
1274.77
841.72
1762.7
1627.7
1513.55
1381.51
2012.1
1844.72
1815.19
432.75
1207.06
1266.67
1976.3
1560.36
1102.08
1511.69
987.5
1867.0
1716.93
2135.67
1619.32
1457.88
986.04
1940.56
1718.91
535.18
1273.71
890.94
1359.47
1518.58
1504.65
1510.28
1631.18
1460.12
1877.75
1288.07
1149.28
1503.53
1533.49
771.0
1504.22
1504.42
1006.05
632.97
892.25
1358.14
1066.6
1556.67
1011.68
1793.08
1707.63
704.42
1543.13
1496.05
1372.38
1261.65
1344.55
1802.88
1521.73
1854.01
2104.78
1941.56
1693.97
1388.19
1080.19
1475.6
1483.54
1736.27
1758.57
608.58
1838.36
1866.07
1843.82
1718.87
1313.52
1384.41
1190.14
1265.94
1741.3
737.2
373.62
843.51
585.54
1301.21
1054.76
900.23
685.03
936.06
1567.56
1389.93
639.5
1116.04
1975.29
904.65
1756.19
1861.21
1518.0
1673.13
410.64
1483.04
1517.59
993.69
1342.19
1200.44
1116.78
1954.57
1319.22
1531.88
733.83
2118.1
1149.11
1944.53
1175.18
1389.18
1357.84
1637.63
680.0
1456.46
405.14
1440.7
1700.34
1873.04
435.63
1752.4
794.04
1034.89
957.11
1224.29
1699.63
1408.33
1541.64
1492.32
905.18
714.43
1173.12
1914.8
1812.96
1147.97
2074.77
1839.6
1623.62
980.91
1565.51
1483.79
742.01
1556.05
1152.43
1559.31
1322.63
1400.16
1659.0
1466.78
1374.2
1660.21
1715.06
1610.16
1469.61
1286.14
1563.78
1807.41
1118.15
1678.6
1189.42
900.11
1686.12
1578.0
1904.37
943.92
1192.5
1147.55
1076.59
1820.27
1216.98
1942.76
629.4
1373.82
1409.31
1318.98
1516.43
1733.35
1896.36
1564.07
1192.69
1271.88
1717.21
2118.89
490.94
1971.93
788.52
936.1
1733.27
1014.85
1452.92
595.15
1843.13
1472.97
1943.06
1903.29
1268.91
1659.31
1504.64
1893.17
1649.5
1476.55
920.85
854.42
1592.03
908.38
1681.68
1355.03
1369.58
2217.22
1595.46
1630.34
1600.55
1175.89
1795.36
1735.2
1917.96
588.18
1049.67
1084.15
1422.7
1823.8
1730.26
1487.55
1781.3
1638.04
1476.75
1667.9
1759.85
1493.56
1962.27
1002.47
1324.41
977.0
1684.48
1732.9
1737.75
630.82
1364.33
819.69
1286.05
1261.04
1191.23
543.3
1468.12
1405.66
1652.85
1180.76
706.19
1073.87
1573.93
603.76
655.12
1614.94
1761.19
1235.63
1736.4
1599.48
1776.48
1662.04
1614.1
1621.77
1386.06
1753.15
1606.73
1267.99
755.33
1149.84
1090.91
1523.33
562.36
1519.57
1880.32
1706.99
1394.08
1445.61
962.55
1726.38
2140.14
1482.06
1153.05
1826.13
1232.56
1359.63
1526.17
1578.43
989.25
1201.42
1844.43
1772.88
1895.6
1223.62
1621.48
1668.93
1619.82
1923.13
1701.75
1531.15
1727.18
1346.49
1803.71
1396.24
1621.82
1349.07
1518.13
1488.38
1479.77
883.32
660.94
1721.71
1609.64
1282.88
973.47
1149.35
1489.83
1236.45
625.06
735.82
1577.58
1696.27
1508.93
1484.22
1933.74
1920.42
2001.76
1201.88
1490.85
1040.58
1260.47
938.7
1800.1
658.03
1614.05
1126.37
1691.54
1856.46
1369.85
1606.32
1001.46
1502.86
1730.23
489.47
1392.42
1209.49
1461.68
1376.36
1567.39
740.67
1423.76
1497.23
248.67
775.76
1942.81
1595.53
944.1
1179.35
1799.29
600.3
722.81
1951.6
1689.47
1728.41
1888.18
1940.24
1276.0
1503.59
1233.24
1783.28
1698.21
1610.28
1528.11
2036.31
615.09
1741.66
1324.5
1486.87
1522.47
761.1
1245.39
1516.64
1472.33
807.76
1426.1
1893.82
1367.63
920.46
1489.64
1357.64
1591.7
1881.6
1919.25
570.55
278.63
703.25
1508.25
1761.18
1848.94
1578.34
1536.11
1808.41
1691.51
1734.76
637.25
1788.38
1837.83
1570.04
1745.62
1917.37
1477.45
1872.09
1460.43
1253.5
1469.71
832.31
1583.33
1516.82
1786.63
1250.11
1434.66
281.37
1828.59
1425.85
1396.98
524.19
906.34
1824.44
1566.11
1740.53
1002.49
1837.18
1448.56
862.14
1791.1
1269.69
934.42
703.57
1280.41
1883.84
1977.79
1439.45
636.89
1217.09
1146.71
1064.6
1719.8
1277.79
1473.01
1329.88
1503.39
1466.52
1840.96
811.78
1392.01
1846.08
1690.4
419.09
1952.15
1458.55
2126.15
1770.7
760.14
1180.26
644.48
1681.0
1663.14
764.03
1117.36
1736.75
567.11
1016.47
897.51
1676.6
1523.91
2167.34
958.01
1224.2
1212.62
1563.8
1943.0
665.62
1843.9
1253.26
1470.86
758.66
1653.05
1484.26
1919.49
1818.63
703.33
1629.09
1177.3
1864.17
1365.29
1639.05
1686.73
782.21
1151.77
1082.54
924.08
1491.27
1507.11
1624.58
1476.44
1363.34
1539.93
1250.29
1415.27
1352.96
2017.52
1015.79
1842.85
1597.11
1657.92
1511.67
1115.47
1494.41
1890.51
1620.52
859.7
1554.6
1477.65
2059.5
1668.19
1736.46
1750.8
1426.65
1501.59
1635.47
1824.5
1133.59
1551.8
809.55
1743.85
1841.49
460.91
1617.55
1853.6
1898.26
1492.03
1452.05
769.75
1118.98
1818.24
1178.37
1670.74
1271.7
779.86
1514.3
1570.23
1395.6
1760.18
1222.18
377.83
888.55
1766.13
2009.32
1794.45
1631.26
2031.5
1338.31
1528.97
1665.33
1590.35
1347.76
1496.07
1449.19
1674.75
1089.47
1486.84
1497.62
1178.62
1025.08
691.71
1817.46
1317.42
1465.41
911.09
1172.03
1478.47
1592.82
1111.46
1328.56
1727.13
808.75
1881.91
917.99
778.32
1712.73
1019.21
1664.07
1929.57
1067.69
1819.07
1817.54
1925.58
714.19
397.75
898.14
1548.43
1752.49
597.43
1793.39
1824.09
1296.07
1604.43
866.94
694.69
1731.82
805.7
151.8
1325.73
1818.6
1638.3
1607.55
1918.18
1735.03
2001.5
1677.96
1428.14
1241.7
1688.03
968.16
1488.16
1496.67
1814.37
1184.54
1647.21
1193.69
1560.09
1543.25
1371.08
1403.17
942.61
1858.27
1038.63
1738.57
2085.45
776.65
1828.66
156.24
1967.59
1362.26
1711.61
1715.54
1016.3
1815.65
1963.77
1669.07
1591.95
622.12
1516.09
1705.61
1333.05
1463.59
1755.98
1006.33
1896.88
1570.4
1248.07
278.54
1895.61
437.17
270.82
1204.31
884.88
1822.27
1799.8
1511.7
1830.83
1544.26
1481.14
1572.36
1109.75
806.38
1710.32
1279.6
1540.01
1391.41
1396.71
1663.46
1668.7
1490.71
655.57
1515.66
1473.83
1882.94
1069.7
669.12
1158.19
1224.41
1362.57
1037.75
1610.41
1539.21
1737.0
766.47
1775.93
848.81
1976.42
1911.81
1481.51
1166.35
1508.45
863.18
1845.64
1290.71
842.88
1613.74
1039.61
852.01
533.18
928.23
515.86
1855.72
1886.15
1631.68
1257.88
1194.87
439.38
1517.91
1729.62
1198.68
452.97
1627.9
1636.27
572.94
1351.59
706.11
984.76
1168.37
1994.52
896.93
313.38
1289.09
1947.96
1496.5
1867.14
1871.9
1268.25
1630.23
1872.03
1273.0
912.72
1055.3
1729.79
1364.44
1588.39
982.06
1506.91
2163.32
1602.86
1166.63
1919.78
1889.81
1367.32
1695.45
1561.07
967.12
1918.42
1343.59
1222.31
1519.99
1760.68
1495.23
491.34
1529.25
792.92
1092.94
220.93
1681.92
1893.32
1717.16
1198.09
1224.06
1693.39
1908.11
1584.71
1266.12
1468.15
582.52
1811.5
1818.06
1069.99
1805.97
1297.69
1708.98
1848.46
1625.86
660.48
985.11
1508.11
1841.48
1500.85
1195.65
1528.03
1413.67
1185.56
1814.88
1589.27
1825.77
1598.76
922.1
1833.33
1500.97
1654.97
1014.11
1574.14
1143.54
926.22
1469.51
1626.57
1537.32
1480.83
1883.16
1213.96
764.85
958.61
1777.49
1673.26
1680.99
1368.97
1262.3
1300.24
721.59
1945.94
1177.18
1919.19
1023.34
1658.07
638.16
1395.04
1248.4
1092.79
399.89
1699.02
1708.97
563.33
1144.63
2038.8
1826.76
1142.69
1861.7
1391.77
1597.21
1537.69
1486.4
2110.37
951.5
636.78
1919.23
1654.08
1554.39
1877.42
2189.22
1496.61
1635.61
1592.9
1394.17
1228.87
1225.24
1280.61
1578.26
1509.8
1927.01
1527.75
1577.79
1641.11
1676.87
1293.83
1828.89
1044.32
1401.74
1433.05
1568.18
2072.95
609.97
1071.26
1396.95
1917.28
1792.21
1168.02
1936.85
1637.65
1646.48
1759.35
924.74
859.25
1821.78
287.24
1859.1
1926.33
1958.45
1727.73
1389.01
1490.37
1516.03
1833.86
222.91
1615.15
1184.66
1182.6
1936.7
1314.2
1197.3
1476.0
1660.28
1626.03
1491.79
1603.58
1397.81
1830.67
844.59
1371.72
1119.94
1197.56
726.95
678.19
957.22
1569.58
607.3
1466.29
860.11
1532.94
1957.58
1851.35
1556.38
1886.11
1517.17
1353.84
1542.65
1918.27
1163.85
580.87
1193.31
1775.06
1609.61
1882.92
1893.48
669.87
440.34
1752.89
1105.11
1798.77
942.22
1842.32
1129.14
1589.79
1184.47
1164.03
1252.17
1427.82
1951.94
1272.56
2018.09
1495.35
1482.62
1648.07
1679.19
1883.67
1739.07
1579.92
1222.55
2095.04
1083.88
817.97
1565.35
1236.4
1593.28
845.52
1289.06
1233.27
1640.03
1611.59
1991.06
1201.55
1492.6
1570.71
568.4
1690.01
1548.59
1873.35
1857.54
629.22
602.83
1679.09
1872.29
1175.4
1868.27
797.39
1203.91
1382.44
750.79
2121.7
1419.73
1135.27
1811.18
1829.15
1477.28
1005.41
821.77
1464.21
1587.17
1793.05
1509.79
1727.88
1609.3
1190.64
1862.91
1632.24
1332.66
1820.15
317.56
1700.46
1393.4
1657.06
635.51
686.06
1914.02
1812.75
1220.6
973.84
1573.45
1865.99
1702.77
1328.71
1633.33
1658.38
1185.48
1628.83
1648.26
1498.78
1214.06
1303.11
936.34
1749.68
2090.6
1527.48
1909.76
2191.5
1828.78
1496.83
1610.53
689.66
902.17
1500.2
775.28
1473.13
1426.38
1949.12
870.94
1722.42
1657.57
1581.62
1663.04
1561.55
1825.23
545.98
936.28
693.26
1417.39
765.39
1869.02
1695.54
2089.5
1645.98
1324.75
1071.43
464.8
957.3
1709.31
1505.15
1656.66
1047.06
984.58
1397.16
1314.1
1574.39
902.37
908.59
1547.84
1510.37
1969.19
812.29
1251.66
515.02
874.11
1651.37
1360.52
1806.55
1500.96
1661.94
1519.68
1821.07
1877.26
1093.16
1878.53
1497.61
1571.83
965.91
1493.19
1746.36
408.14
1838.37
1872.14
1090.23
1517.49
1017.21
1741.28
1190.49
1442.21
1493.31
1513.82
683.17
1685.85
1588.33
1611.9
995.69
1017.18
1846.19
721.76
1756.19
1927.14
827.07
1472.62
1942.11
1419.33
759.41
1770.2
1182.62
1290.45
1399.96
1837.3
964.34
1345.98
1950.69
1587.19
1171.86
1636.18
1568.88
1373.83
959.17
1512.79
1166.27
740.94
1208.64
1457.56
379.18
1558.71
496.82
1510.02
1212.88
1735.17
1710.09
1759.48
1445.58
1530.42
434.6
929.31
1559.04
1869.17
1175.77
1632.11
1895.26
1618.08
1464.2
1529.0
1186.27
1584.7
386.75
2223.59
1413.61
995.61
765.69
690.35
1892.68
1404.62
1426.31
1920.29
1806.94
1303.54
1616.66
1554.24
1011.56
1819.64
1629.1
1602.47
1505.48
1499.93
1912.1
1511.66
1698.88
1028.44
874.79
1700.33
1766.61
1321.79
1021.39
2071.72
1439.74
1748.24
1591.08
1581.64
1486.83
1191.43
1545.73
1327.41
1877.21
1216.75
1767.19
1645.18
1612.75
2153.84
1376.67
1437.81
1546.78
1620.2
1434.84
950.57
1060.93
1645.94
1517.53
1827.36
1624.76
1294.89
799.69
1164.31
1109.43
1825.07
1432.24
1287.6
1823.9
1313.07
1687.53
1933.04
1857.86
1590.61
1642.05
1600.47
1181.72
530.38
1610.22
2052.2
1793.54
1834.6
2208.42
1717.33
1833.7
1283.6
1074.31
1317.2
1761.18
1606.05
1608.88
1202.1
1647.09
1606.12
868.82
1838.85
1411.37
1927.82
2159.95
1298.93
867.34
1566.14
1829.61
1610.37
1681.48
885.4
1895.53
1837.06
1872.25
1288.61
1614.15
1940.3
374.66
637.04
1428.91
819.65
1371.66
1186.96
1754.48
1076.63
1221.87
1144.04
1229.27
1710.94
1647.36
1356.22
1192.41
1740.77
1589.74
1527.4
974.22
1934.38
1486.25
1517.56
1330.92
1493.5
1747.35
1305.82
1101.8
435.43
770.77
1578.33
910.52
1381.58
1510.81
1582.78
2085.6
1863.83
1790.1
1640.34
1694.95
1423.17
1886.84
1440.31
1581.07
1850.66
1932.6
1444.59
1749.59
1564.59
1564.34
1765.31
987.59
1178.18
2011.62
2084.38
1447.05
968.42
1684.85
1945.39
1489.48
1620.0
1607.45
1925.14
1004.21
1620.37
718.79
1254.88
1593.13
677.83
1433.03
1607.92
1959.85
1793.96
1631.2
1211.58
1164.77
1336.58
1905.83
1859.71
1495.12
1742.46
1330.51
949.8
1588.84
1193.79
1591.49
1230.24
1515.63
1838.38
1910.21
1968.06
1512.52
926.81
1853.8
1167.28
1626.17
1272.35
1729.45
1273.4
998.79
1216.12
1684.33
1459.01
1543.07
1109.33
1665.71
1637.41
1824.23
1946.84
1658.46
441.3
1396.38
1149.24
1381.91
2148.33
797.95
1608.5
1859.58
1153.98
1309.29
1827.54
1771.01
1575.52
1647.17
624.85
825.78
1180.33
1573.95
1298.95
1654.93
1592.75
1415.67
1361.99
1570.93
826.17
1622.44
1818.86
1891.35
1885.48
1825.16
1524.81
903.66
805.95
1589.9
936.51
1460.7
1503.13
1594.41
956.18
1650.45
1907.61
918.62
1773.16
1025.15
925.02
1740.57
1292.14
1794.25
1836.07
1597.79
914.14
1472.46
964.9
1372.03
1571.23
1066.18
1688.48
1554.03
972.02
897.92
1439.69
1047.09
1832.29
1314.38
1284.67
1708.16
1450.83
824.2
1171.53
1515.53
870.37
632.02
572.67
445.98
1363.83
1806.43
687.21
1591.74
1524.31
1624.31
1527.5
1713.29
1917.53
836.96
1457.34
2120.96
1569.59
1643.29
1348.83
1219.5
1680.89
1367.47
1208.43
1015.73
1608.35
1735.13
1463.71
1216.36
1634.6
762.44
1006.54
955.79
1676.6
1029.31
1457.52
818.23
921.4
1425.4
970.48
847.64
413.23
1765.24
956.22
861.12
1860.07
782.41
1997.79
1356.36
1609.77
1847.6
1319.38
832.62
1793.49
1925.7
1791.52
663.06
952.54
844.4
1594.62
596.01
1552.76
1666.56
1475.24
1888.75
1063.74
1091.32
1705.42
1536.48
1926.78
1958.45
1485.81
1678.5
1701.74
683.23
1590.09
1015.6
1736.01
867.36
293.19
849.19
937.16
1712.17
1848.51
1015.49
1417.16
1313.83
845.56
1402.29
1655.44
1410.6
1612.26
1915.46
773.39
1604.27
862.5
1824.36
1187.5
1212.94
935.86
2005.44
1343.19
1294.54
1954.54
1585.97
1212.55
1883.48
1563.53
1484.25
1936.97
1714.97
1187.85
1493.92
1480.41
1667.98
1236.72
1726.36
1155.55
1604.31
1638.16
1731.67
1816.21
2161.59
2130.89
766.2
1488.72
1903.3
1558.34
711.41
743.99
1144.38
2037.66
1362.92
1441.87
1768.31
848.74
1627.67
1515.29
1747.82
534.36
986.85
1726.69
1718.4
941.13
1151.65
1937.05
1773.08
1647.87
1688.24
1167.55
578.09
1906.07
1439.82
1239.75
2172.49
1486.04
1761.76
1215.84
1630.26
1728.02
1846.51
1776.76
871.95
1612.94
1319.79
1533.51
1891.04
1418.96
1726.3
1360.67
1789.69
826.62
740.09
1217.26
1309.21
1768.73
1188.42
1885.17
1285.74
1469.45
1497.39
1347.26
1499.68
1174.79
1908.01
1900.48
1280.37
851.32
1111.65
1494.27
2072.57
864.78
1793.23
1362.35
2100.5
1449.47
1917.27
674.3
1613.78
1390.23
1068.22
1498.59
1224.05
958.16
1602.27
1207.51
1761.91
1529.34
1333.66
1688.01
1466.33
1528.72
1365.52
2194.6
1502.76
1335.25
1143.26
1228.08
1955.84
1614.45
1563.18
800.71
1444.81
1835.25
1580.84
1812.27
1993.43
866.84
1563.78
1745.93
1574.54
945.39
1971.96
641.24
1540.57
1611.93
1525.26
1227.28
793.18
1062.21
1801.69
1093.35
1585.59
1733.73
1500.19
1749.65
1269.65
1911.52
1601.48
1643.7
1787.01
435.86
1304.56
1120.81
1775.29
1840.3
490.44
1129.84
1332.46
1711.38
1892.95
1333.36
1863.08
1841.3
1032.24
1591.45
1910.65
1514.56
1570.3
1485.08
1236.15
1954.4
1450.57
1317.98
1362.76
1803.64
1311.14
693.28
1368.3
1936.72
909.99
1450.55
1602.58
1362.1
1472.6
927.25
745.08
1716.96
1656.09
1169.26
1124.11
1903.27
1514.27
1881.96
638.95
1535.1
792.66
1258.77
1376.76
842.89
884.83
1397.44
789.96
1844.11
1342.4
1309.13
1863.17
1346.29
1493.09
1568.68
1340.77
1299.07
1301.41
1403.58
1665.08
902.5
800.81
936.25
576.36
1980.92
1703.19
1339.36
1160.58
514.51
1214.36
1421.71
1405.19
1223.73
2182.59
1215.55
1389.37
1550.65
1823.51
1768.79
1666.12
1694.45
1455.71
1784.17
1825.5
1487.0
1614.11
1556.02
759.47
1694.47
1274.92
1106.6
1851.44
2002.48
1814.44
1178.79
1645.49
868.98
859.62
1861.3
1176.18
1660.19
461.56
1464.97
1794.82
826.41
1628.89
1688.14
1912.29
274.44
1325.83
1942.42
1907.56
715.39
1324.29
1594.99
1874.88
1745.46
1961.43
1364.51
1524.76
790.37
1498.96
1079.58
755.88
1396.02
234.28
1922.74
670.39
690.45
1580.67
1333.53
2102.41
1217.82
1911.89
1933.39
916.87
1856.22
1506.59
2032.95
742.27
713.95
1614.41
1689.04
1625.34
630.49
1723.11
2158.23
1172.72
1198.19
694.11
1757.68
1806.55
1596.03
2054.72
1617.99
1528.29
555.27
1067.16
1746.29
1946.63
1623.39
1850.66
790.01
1624.18
1424.34
1966.01
1338.15
1370.87
1618.72
1613.24
691.38
1865.9
1340.34
1529.57
1836.77
1351.91
1352.02
1489.99
1893.31
792.0
853.44
1948.54
1756.44
505.29
1561.04
1516.8
1490.49
1837.92
1811.2
939.51
938.52
1620.26
1529.13
1580.42
772.63
1479.11
912.73
1492.46
1341.6
1535.1
1837.93
1651.5
825.04
1640.09
1566.35
1188.25
1369.94
1843.45
1766.01
1628.62
1727.67
1248.38
1899.61
1595.45
1841.86
1969.45
1258.04
1307.32
1555.35
1247.75
1703.15
1739.75
1841.09
1496.71
1710.03
2055.99
568.71
1280.75
690.11
1734.36
1483.78
1658.08
1397.25
696.96
1378.78
1367.7
1455.5
1187.17
1823.59
1904.58
1267.42
1963.44
723.78
1566.48
946.36
1609.14
1218.83
1197.47
1628.01
1345.37
1162.64
634.57
1453.62
1448.58
1471.15
1786.26
1689.9
1460.55
1760.26
1776.56
1500.69
1535.29
1382.27
1241.47
1456.02
1993.98
939.42
964.69
1905.05
759.97
1774.92
1558.22
1483.18
1357.19
1729.63
1400.83
1862.35
1830.41
835.32
1742.03
1191.39
729.45
1336.93
900.8
1776.97
1850.49
1510.59
1474.45
1649.64
275.86
1620.85
1229.3
1085.98
1725.59
1056.82
758.14
1764.34
940.92
1371.12
1656.4
853.1
1503.97
666.63
723.44
1451.13
1805.41
1152.13
1611.89
1557.14
1215.63
1917.33
1687.01
1600.32
1610.29
1441.81
1463.6
717.11
1713.64
1855.33
788.33
768.69
936.77
1664.22
1813.84
1169.85
1938.65
1283.07
1184.1
1961.88
1264.72
1908.11
818.04
1389.7
1573.24
949.46
1840.94
1303.8
1190.85
1786.24
1282.87
968.63
1799.26
1966.62
1597.65
1658.19
1179.39
1195.5
1326.09
1626.61
1331.9
1894.14
1534.96
1260.23
1217.7
806.96
1796.4
1610.59
1337.29
1381.72
1867.94
2174.01
730.2
1779.4
1690.78
828.45
281.62
1485.61
1285.23
1336.52
1105.19
855.27
1643.31
1717.91
1490.56
1763.83
1575.9
1451.81
987.58
1553.42
1029.13
1192.13
1293.39
1103.47
1136.05
662.43
945.24
1829.41
2052.43
1763.4
1912.4
1199.54
1618.01
1621.93
1224.66
1351.69
1962.54
1176.88
1701.0
1688.04
2067.1
1566.77
1388.78
1418.76
1941.66
983.82
853.78
1432.57
1569.99
975.99
997.97
1172.39
1216.39
1808.18
1433.62
1338.52
1813.86
1624.98
1605.82
288.49
398.55
1981.81
1639.61
1011.19
1836.42
848.64
1024.22
746.61
1629.27
1203.07
1943.91
863.1
1503.53
1420.77
681.39
1888.64
1170.54
627.96
1396.65
1738.1
1683.14
1287.55
1881.95
1508.32
641.81
1836.84
2046.88
1431.28
2129.19
1206.96
2165.43
1072.51
1793.28
991.15
1464.1
839.37
1182.41
1229.2
1470.59
1316.88
1433.07
750.09
756.45
1512.31
1219.8
1933.34
1889.47
1616.88
757.58
1302.53
1109.69
830.51
1610.77
835.1
1479.53
1335.22
1426.27
1444.02
1698.14
952.4
998.11
1844.64
1364.16
1939.3
905.56
873.43
1872.6
978.8
1300.75
1643.29
1501.47
1207.71
217.41
1867.38
1312.05
1999.48
1276.63
1544.69
1288.49
1888.5
1734.92
1706.1
1599.38
1744.85
780.54
1876.61
1513.33
1514.78
1738.6
1814.83
1442.76
1336.78
1853.97
1748.77
1199.01
1761.33
1344.21
990.41
817.21
1344.3
1928.7
1150.34
926.74
1672.74
831.52
1567.67
1276.65
1187.41
1563.07
1514.79
1592.7
1082.52
1701.02
1121.47
1157.7
1064.59
1505.98
1520.04
1496.68
999.48
1326.03
866.12
1806.42
1234.5
1596.97
1086.87
2144.96
1866.71
1259.74
1871.27
1218.34
1731.8
1507.16
1246.98
1344.54
1562.61
1354.52
670.25
1626.33
1489.26
966.84
1996.57
1268.14
1811.88
1115.97
1459.33
972.99
1892.06
1508.52
1903.24
1575.81
1559.56
1761.15
877.95
1657.82
844.99
1424.55
1074.23
1256.72
1220.66
1934.15
1734.11
1551.43
1217.22
999.57
1591.66
2152.03
1798.03
658.51
1248.18
1176.34
1549.56
1517.58
1383.32
1567.45
1480.05
191.87
1542.68
1756.04
1474.74
1667.32
1106.01
1886.57
1814.46
1046.58
572.83
2176.1
1179.94
1676.08
1722.41
1394.53
1960.51
1211.04
1710.5
1796.88
552.17
1315.04
231.35
1764.72
848.76
934.54
1863.02
1928.72
850.51
1492.33
1573.44
1930.22
1794.28
270.5
1623.02
1151.84
1867.15
1245.19
2026.92
1980.71
2033.17
1463.36
1656.22
1196.74
1489.1
645.14
1634.21
1530.04
977.43
1116.59
1695.33
1377.51
1756.51
271.03
1717.76
1687.97
968.5
1157.62
780.75
1509.22
1211.96
1207.13
1229.59
1110.77
1554.05
1534.43
1101.09
1321.95
1580.21
1314.06
1566.95
1285.88
1735.38
1880.73
1125.94
1208.33
1090.97
1611.09
863.8
667.4
1299.15
843.9
1808.96
1351.48
904.68
1867.09
1112.83
1940.56
1157.85
1218.6
1348.95
764.4
1290.24
1284.16
1361.32
1866.89
831.97
1315.11
1451.54
1710.95
654.7
1402.04
1391.88
911.61
1942.16
1823.66
963.7
1352.51
1303.01
1650.77
1544.25
1375.93
1134.41
793.79
2018.49
1186.47
2076.01
1106.98
900.74
1930.62
1350.21
1487.27
1151.01
1407.76
1509.48
1286.73
1297.67
826.24
1349.7
1356.93
1337.06
1485.07
787.19
1412.28
1054.76
1330.69
1470.36
1688.65
1925.37
1611.46
1244.52
1924.36
945.73
1639.7
1223.68
1696.5
1175.26
1210.55
1590.74
1625.24
1729.54
739.18
1257.89
2105.12
1780.59
1628.79
1350.22
1942.29
1797.32
2076.89
1597.68
1508.31
1573.15
1812.74
1483.52
1206.26
1419.73
1485.01
1368.15
735.22
1153.04
1823.45
1219.36
1522.71
1876.5
1841.38
1549.72
878.07
1571.3
1849.47
393.47
1484.17
1407.14
1604.91
1654.91
1079.16
1345.8
767.44
555.91
1318.03
1523.81
1966.16
1894.12
1808.13
1348.94
1711.73
1723.73
1908.56
888.84
1762.89
639.88
914.85
1055.77
1484.06
1033.41
1594.98
1199.02
1580.14
1607.84
1704.4
1409.79
1406.99
1655.82
1338.37
1591.62
1905.69
1670.87
965.12
1294.81
1745.21
1279.79
1365.83
923.1
898.83
1558.31
1770.01
1039.29
847.17
1154.28
1746.06
1425.56
1341.69
935.79
1841.0
1536.14
1596.11
1644.56
1420.29
1052.32
758.29
1345.85
876.27
925.38
1805.33
1953.57
1313.54
1948.65
934.15
1224.6
1016.57
895.25
1054.1
1254.1
1571.94
1454.3
851.92
1531.33
1793.56
1504.85
1239.06
1683.19
1553.33
1965.9
1228.87
844.86
1394.13
1706.94
1295.71
1179.74
1631.37
1175.73
536.44
1716.06
1607.79
825.19
1136.62
1190.65
921.79
1628.23
1547.87
1295.02
1147.56
1677.67
1633.6
1730.18
1822.25
1448.5
1451.92
1726.18
1767.03
1645.05
1924.14
1840.2
1610.48
1705.76
1162.18
1431.09
1219.16
1201.72
1746.39
1329.79
1208.38
1598.65
667.92
1892.9
1179.8
966.47
949.28
1894.18
1542.81
1518.79
1642.22
1419.41
1612.76
779.21
1412.47
941.51
1488.66
1725.36
1036.7
1480.96
1485.35
1021.6
1218.89
847.84
1496.84
1806.03
962.52
1227.58
672.23
1524.95
547.31
1029.49
819.73
1397.15
1569.88
2058.25
2109.88
1375.15
1981.94
737.05
938.32
1905.74
1552.24
1306.86
1413.1
1505.01
1184.28
1878.49
1549.05
1063.26
2145.79
2043.51
1971.45
1642.76
1567.91
804.09
1562.26
1196.53
1505.26
1495.02
1011.41
541.07
1906.09
1358.41
845.16
1497.51
1615.21
1185.63
1605.58
1910.86
1043.83
745.15
1269.0
1749.51
693.9
650.84
573.45
1836.05
1644.16
1398.29
1862.26
1310.66
1908.06
1606.06
1335.69
1569.32
1927.82
1565.37
1265.98
1582.75
932.81
681.63
1533.49
1607.79
1504.26
1587.59
845.4
1809.73
1813.35
1514.05
1969.33
1577.65
1758.59
1441.99
2162.85
1786.47
1155.77
777.34
790.58
1763.56
1097.19
1673.52
1707.74
1500.67
1173.27
1422.26
1372.15
1465.24
771.93
1259.55
1793.94
782.86
1664.48
1006.99
1664.13
1491.95
1127.62
779.51
1540.68
1372.45
1507.92
1494.03
1240.41
1710.57
1306.52
1469.69
1415.19
1851.31
941.92
1832.05
1668.29
1584.5
583.4
566.05
1827.63
1068.5
853.13
1571.46
904.83
1627.05
1782.72
1528.41
1804.56
1571.01
1556.33
1913.96
1873.95
1232.97
1374.68
1504.39
1540.88
1157.13
1151.35
1515.72
1274.16
1202.7
1633.63
1655.95
1189.73
1488.96
1740.07
673.4
700.31
1682.49
1474.67
1471.86
1761.7
1629.59
1201.67
1047.45
1647.83
1388.14
1023.01
1882.01
1439.02
1809.93
1518.94
1611.9
1144.5
1489.58
1712.14
1714.14
2150.08
1011.1
634.81
1339.3
1423.02
937.07
718.15
1756.15
1109.14
1867.85
1208.77
1765.85
1849.19
1666.01
942.96
1512.93
1608.47
1083.36
689.26
618.28
1208.06
1782.43
1680.81
676.55
1293.58
1429.63
1658.28
1557.18
1916.79
1941.8
1854.22
1525.22
1957.98
996.49
1196.13
406.31
1722.77
1494.94
1327.23
1521.85
1584.38
2116.1
1835.21
1731.29
1493.69
1433.09
1485.76
1590.43
1999.14
1884.4
1392.41
781.67
1551.94
1280.57
1272.32
1403.71
1383.34
1905.42
1096.26
995.12
1206.58
404.91
1555.36
1587.61
1535.6
1503.74
1219.25
1172.14
1299.78
1053.3
537.88
1549.67
838.41
1611.57
1009.46
1926.19
993.92
1930.37
1838.06
1713.58
1618.11
1819.92
1335.76
1903.45
559.03
1276.65
2154.4
1043.02
1234.84
1510.37
1583.71
433.46
1463.96
1484.84
1315.84
1862.0
1886.54
315.31
1521.38
516.23
1592.15
1408.98
1593.74
1450.01
1727.65
1985.0
537.35
168.99
1359.59
1159.78
1151.49
1243.69
847.74
1746.83
868.5
1789.25
1522.11
802.75
843.26
1254.49
1712.11
1711.61
777.5
1650.1
1561.29
1085.7
575.51
759.91
1522.26
1235.67
1026.13
1481.29
851.26
1619.58
647.72
1257.46
1706.75
1593.55
2064.83
1601.97
1471.91
901.57
1700.43
783.41
1617.13
1204.95
1639.02
1335.29
1225.58
1472.91
1535.99
1562.46
1411.54
1913.36
1768.78
1861.55
835.43
1818.61
1352.07
1483.31
1921.72
1671.52
1708.84
873.79
1228.11
1222.37
1912.23
1444.68
1772.99
1283.98
754.7
1588.22
1646.07
1849.99
1126.36
1050.01
867.61
1522.52
2145.71
1082.17
1761.36
1601.52
1262.8
664.41
1695.41
847.73
1493.67
598.7
1133.35
1154.28
1286.33
1869.79
1970.05
839.12
1685.73
850.44
664.26
1370.79
1202.92
690.77
1550.43
1774.88
1151.3
1521.45
1145.43
1226.41
1505.81
1496.3
1148.94
1223.68
1361.62
436.24
601.82
1595.1
1199.23
1173.36
1131.92
1306.9
1080.89
935.62
1796.08
759.33
888.48
1421.63
1559.55
1600.8
1155.03
1549.74
1643.49
1702.75
1492.71
1885.88
1355.86
1648.6
1780.9
1055.31
1735.85
1522.56
1785.8
1409.67
1176.82
1756.73
1392.68
1802.7
1919.81
1898.9
1838.63
1681.33
1244.39
1589.02
1702.02
1180.77
1198.34
1105.34
1585.8
1928.11
1786.71
1968.02
1363.97
931.71
1429.19
1676.54
1512.23
1740.1
636.61
1421.82
455.31
1474.32
2016.87
1552.57
1594.07
977.35
917.04
1672.85
1381.54
1305.15
1490.62
1255.47
1918.21
1650.52
668.68
1216.69
1725.11
1323.21
1297.78
1525.42
1504.48
1083.96
728.81
525.92
1804.27
904.29
1722.7
1863.98
1581.0
1554.96
2040.13
831.36
1333.77
1470.47
1374.69
1279.34
793.56
1781.17
1603.47
1453.77
489.33
1183.34
1574.74
1553.08
964.05
1907.31
870.62
787.51
1454.78
1288.1
1827.5
856.39
912.63
1798.82
2097.77
1807.25
1373.24
1125.1
658.19
1564.4
1412.07
1717.64
397.9
1726.39
1718.62
1699.3
1553.51
1804.47
915.98
750.9
1759.0
1717.81
1648.61
1324.29
1226.65
1414.15
1068.22
924.05
1953.4
1047.16
1349.13
1429.45
1048.59
1160.91
1566.01
1905.36
1276.96
540.15
1506.85
1094.28
1580.39
1520.96
1276.5
1759.63
1523.39
1577.8
1910.95
1540.79
1025.49
1448.04
2141.71
1226.18
1566.88
1494.1
1082.43
1296.9
1456.75
983.56
1566.02
754.66
1432.13
1006.06
1181.17
1445.99
703.36
1369.19
1951.46
818.3
2165.64
944.58
1133.35
947.87
1640.31
1848.82
1285.04
1508.41
1226.09
945.02
792.84
1807.88
1230.97
1883.28
1681.0
1692.39
1059.6
1503.11
1362.1
1784.1
1168.27
1369.39
1665.11
742.13
1860.99
1856.98
1884.45
1812.3
1790.43
1064.05
1701.43
276.69
1397.26
1169.78
1382.56
836.43
2115.19
1314.35
1402.77
915.8
1961.73
955.38
162.49
754.71
963.27
1901.76
1977.03
1779.5
1642.79
1898.3
1287.06
1555.2
1022.25
1211.56
1496.18
919.35
804.06
1716.17
1188.88
744.56
1430.67
1691.98
1405.28
1686.75
1816.52
1139.84
1937.05
1613.87
1496.36
1701.94
1397.86
1236.54
858.71
1046.97
599.76
1602.51
1614.95
1681.31
1489.35
1205.87
1333.55
1299.12
592.24
1747.56
1644.93
1501.43
1822.35
1561.5
1257.4
2082.11
815.67
1277.86
692.81
1625.21
1412.59
964.45
1272.32
1785.85
1802.05
1614.84
1331.41
808.45
2050.58
871.93
1492.68
1476.82
1281.15
1485.83
1321.41
1445.52
1149.86
935.68
1929.63
1597.44
696.05
1829.67
1373.05
1618.69
586.59
1784.61
1435.8
510.83
1187.93
1441.92
285.27
1429.64
1200.73
1413.21
1672.79
1482.58
1338.36
1729.22
2152.19
598.9
1587.26
686.45
1611.21
1432.58
1153.85
1922.62
1576.85
1713.25
1492.57
1392.45
1881.91
1090.83
1740.16
1413.63
1346.81
1216.64
1763.76
434.04
1064.61
970.16
935.42
1782.28
783.57
1005.78
1909.94
1506.08
1220.6
338.33
1305.17
1116.35
1039.5
1124.13
825.1
1618.19
1689.25
1919.56
1383.06
1761.13
875.98
1555.17
1483.37
1606.11
1537.76
2197.8
1265.07
1505.5
1412.84
1224.58
1932.91
1843.68
1504.82
1001.33
1712.77
796.49
1490.95
865.61
1818.28
1467.9
1182.54
1588.24
1528.49
2069.69
1613.69
186.72
1570.72
1696.97
1332.25
1043.55
1370.02
1566.49
1311.95
962.91
1967.82
1594.03
1595.25
2075.05
1923.77
1545.53
1325.45
1559.96
1605.95
1373.64
433.96
1602.12
1816.72
1165.05
1190.0
1733.89
665.47
570.99
647.36
1828.93
1221.71
