458.34
143.51
467.07
120.92
468.95
125.51
468.36
191.91
192.25
257.78
190.06
124.34
210.2
419.8
214.1
463.92
450.29
326.66
447.08
419.87
357.3
124.95
192.06
207.23
452.7
192.28
191.76
221.36
192.92
448.47
318.39
321.49
320.6
193.09
211.32
214.09
354.75
125.99
410.82
321.36
125.22
192.68
213.01
329.74
124.87
125.11
451.19
187.74
328.02
249.14
421.53
368.69
153.45
449.84
370.63
358.84
448.85
321.23
124.88
422.65
125.13
218.64
242.56
190.1
446.09
358.39
292.56
420.26
450.18
454.71
252.77
344.8
124.62
466.37
215.24
393.61
142.33
357.36
325.53
205.47
216.03
215.63
216.83
144.51
343.77
436.94
192.58
239.6
190.22
283.88
193.16
297.73
391.44
189.58
324.19
336.68
359.1
206.08
349.03
320.71
817.01
1485.7
637.41
1719.55
1241.35
619.0
1300.9
1522.0
730.06
1458.91
763.27
1558.44
1516.27
1620.73
1612.83
1473.16
794.49
755.24
1352.93
773.9
1707.96
1707.84
703.79
1134.58
797.78
1694.89
791.15
717.55
623.1
819.22
1496.56
1024.22
945.02
793.36
1411.26
781.69
1153.1
1386.32
1501.57
935.06
668.99
1186.31
1195.01
723.9
928.26
1351.16
1599.48
1576.88
986.56
1495.85
920.48
1570.64
1021.41
1531.55
1099.77
792.54
1143.29
1235.5
787.4
709.77
1354.91
569.33
1157.79
791.02
1479.52
1427.77
809.05
671.95
1745.31
493.11
756.38
976.98
810.99
1187.19
957.89
1484.31
1610.62
680.22
617.35
852.85
1526.21
1326.36
861.16
1742.85
1039.05
1102.09
728.49
987.21
799.79
1532.71
1561.0
1308.59
1006.47
547.77
525.28
1207.41
969.52
707.75
736.38
977.37
1887.92
1565.78
1895.81
946.42
1555.87
2021.16
1177.77
994.68
1257.52
1742.09
1540.29
1486.17
1529.77
1178.57
1733.1
1715.56
1625.89
1104.12
1946.83
1637.88
1006.97
1420.66
1906.3
1723.68
1986.15
1453.86
1287.21
1874.33
897.5
1644.19
631.19
1537.81
1166.82
1567.29
1059.94
1718.16
1078.32
1645.0
1558.32
1576.18
1206.83
1550.2
814.0
1551.49
1733.79
1800.59
1919.6
1776.17
1334.29
1774.83
1318.69
1216.62
1860.61
1568.42
1808.53
1104.62
1506.05
920.79
1568.71
1278.96
1583.96
1782.31
1920.63
1245.99
1588.67
1731.0
1792.87
1255.27
1602.18
1859.22
1678.85
1835.35
1494.43
1219.27
905.32
902.71
1936.4
1461.6
1431.09
920.98
1912.74
1289.09
1542.23
1881.75
1019.87
1820.2
1804.91
1108.73
1680.9
1217.82
1966.86
1939.99
1914.31
1899.92
1149.58
1495.44
865.37
1968.74
1309.87
1697.36
1431.35
1061.34
1321.79
866.73
1419.81
792.39
1071.59
1377.99
1353.79
1472.96
1034.06
1215.94
1066.65
1130.49
1147.49
845.13
988.57
684.95
1121.36
1119.69
1520.31
805.15
748.83
1383.82
1521.6
1074.31
1284.48
1616.67
1101.9
1004.48
673.97
722.22
650.51
2182.01
1266.92
826.4
608.96
712.7
994.22
1061.62
690.01
795.25
1152.4
1398.46
973.65
1157.44
1126.82
661.11
1029.85
1144.04
1829.69
970.92
652.86
1141.59
571.49
767.24
1386.03
1441.55
612.09
738.86
758.16
1114.16
1814.83
1398.32
568.53
1622.03
1460.56
845.47
674.51
1101.19
1072.8
1099.98
1441.34
1417.55
1359.76
1151.69
1351.93
580.66
747.32
1278.52
803.17
1006.43
1297.8
617.52
1253.27
702.66
2182.84
545.86
722.53
1356.39
677.89
997.28
709.01
1324.43
1828.69
1102.02
1352.43
825.01
1166.59
1568.9
902.64
650.95
853.97
1131.38
595.09
476.61
798.88
916.43
524.47
1112.52
663.37
1159.73
810.92
1019.41
778.43
597.72
1236.72
550.07
1498.31
572.81
964.9
481.15
912.37
864.67
656.41
816.51
1144.8
774.77
521.43
1355.56
407.06
799.14
1124.93
1103.97
632.93
1745.77
925.41
925.06
774.47
991.64
995.0
849.18
569.74
688.53
554.97
1139.66
673.93
758.37
1026.77
660.61
256.93
285.0
283.96
702.91
1139.72
565.75
870.7
729.88
436.54
743.99
879.78
818.08
854.73
642.7
1069.32
401.05
916.32
1175.24
1188.0
272.22
756.52
1000.41
1210.24
1119.14
736.49
773.16
1141.89
996.77
804.76
354.86
536.1
753.58
309.18
352.47
707.85
649.16
1167.05
805.45
811.22
947.16
490.7
638.67
333.53
793.93
299.25
307.98
1144.63
832.13
772.96
772.22
1129.98
773.1
615.18
293.53
1128.91
307.1
775.24
564.23
775.49
663.8
862.21
726.82
558.3
372.57
276.95
696.82
763.72
1125.04
825.72
483.87
1005.08
770.59
1171.17
371.27
662.05
448.34
648.95
710.91
784.44
337.82
550.07
928.64
722.33
655.55
292.24
709.49
884.81
323.72
1142.8
597.53
719.9
1014.29
673.49
292.23
445.12
371.68
1194.96
989.1
351.47
771.58
1204.26
1122.85
1105.03
1440.47
1182.68
517.0
729.65
708.86
1132.13
1369.82
796.09
1142.71
932.51
673.18
1447.92
637.13
689.62
615.78
909.84
1302.94
581.04
651.27
788.77
1450.78
1307.99
715.85
1443.88
734.27
1322.27
677.49
587.18
957.49
617.9
595.26
797.16
1501.58
1271.66
959.0
1108.74
1197.87
1490.04
839.22
1062.37
1492.25
834.85
1191.73
1019.76
1197.01
883.09
1260.58
1488.82
620.28
1555.48
1120.23
612.45
1436.63
821.28
625.96
831.43
1505.86
755.58
1145.57
1180.81
1537.54
1432.72
691.07
1104.58
1083.87
1402.36
657.59
1551.47
481.94
1353.09
531.12
858.6
972.84
1319.94
635.79
1449.9
1072.53
791.82
640.96
794.55
1148.97
815.7
625.29
1503.76
1141.95
820.14
1480.63
535.78
957.27
632.16
941.91
887.21
1131.35
650.03
1283.88
1271.9
703.73
1959.12
2174.39
1924.76
1920.63
1846.3
2115.66
1974.03
1906.32
2054.57
1966.36
2098.45
1867.56
1439.74
1975.74
1890.74
1919.87
1812.49
1974.34
1855.37
1886.78
1887.51
1722.56
2208.2
1978.4
2038.74
1771.42
2004.88
2010.22
1756.37
1997.94
1877.99
1837.79
1837.68
1902.64
2048.41
1740.26
1743.47
1972.82
1889.59
1764.74
1855.48
2001.78
1889.67
1828.29
1798.23
1881.91
1835.27
1742.68
2195.77
1994.55
1751.84
1977.75
1952.09
1958.82
2142.26
1871.19
2001.75
2187.46
1774.41
1960.16
1769.03
1951.01
1828.79
1946.11
1967.22
1850.32
1866.53
1935.79
2103.04
1740.98
2168.63
2039.9
1925.45
1952.12
1780.01
1997.04
1874.93
2131.57
1945.99
1779.68
1944.47
1830.44
1835.64
1900.6
1995.89
1965.5
1866.5
1826.09
1786.88
2050.63
1755.53
2042.8
2135.35
1834.58
1876.61
1807.46
1867.96
2084.8
1773.51
1964.87
1399.72
1171.37
884.96
1838.83
1495.14
855.02
1256.98
1268.72
538.59
1098.35
2112.64
1538.97
1858.94
1747.17
1544.51
2045.79
1707.12
1788.79
1785.48
1486.59
1406.24
2172.15
1748.64
1856.59
1557.07
1496.72
1659.78
870.28
1928.51
1568.94
1673.09
1568.51
1925.01
1069.6
1424.0
1992.47
632.71
1939.21
1694.84
402.75
1879.4
2063.31
1135.51
764.38
1365.08
1761.71
1823.63
772.6
1586.23
1458.62
1496.4
1466.47
1098.81
2094.79
1588.62
994.02
1570.87
1933.88
1394.22
1853.23
1286.9
1106.92
841.8
162.16
1303.44
1320.33
1103.81
1963.61
1399.18
852.71
1373.49
1393.47
1353.6
470.44
1541.79
1645.99
1548.9
1728.79
522.53
1685.79
1268.17
978.48
1490.35
1847.7
755.76
1676.14
1481.09
1656.24
984.16
1815.23
2193.95
986.87
1192.98
1316.8
1337.21
1705.05
1809.8
1304.07
1107.88
1293.01
1510.45
1813.21
1570.98
1741.62
1896.22
1861.97
1824.39
1795.85
1459.52
1749.78
1367.16
1183.19
1265.9
1416.04
1405.22
1323.54
1525.31
1476.01
1480.62
1584.48
910.92
1602.79
1776.01
1303.65
1277.76
2134.32
1264.92
1589.59
1558.7
1916.41
527.92
1481.31
1264.86
1069.48
708.83
1474.54
1047.55
1247.09
1744.57
1249.66
783.57
1309.26
853.27
1917.69
1070.82
1916.0
1873.82
1113.48
886.19
1709.18
1400.19
1561.91
1982.0
2123.91
1477.52
744.49
1635.99
535.73
1363.24
1925.56
1794.08
782.79
756.74
1385.44
1590.29
1076.6
823.3
1678.7
1480.13
2044.49
1778.78
1855.69
1015.99
1954.13
1348.79
1448.31
1807.49
1910.97
1698.46
1701.39
1007.49
1763.03
1917.13
1601.47
1600.28
1533.88
546.96
1039.5
787.73
1504.13
1982.56
1931.44
1444.32
1509.77
1172.47
1518.33
1670.84
1519.82
1384.42
1755.57
1489.82
1422.84
1961.26
1531.09
941.14
1627.35
1402.46
1560.54
1622.64
1984.24
1509.29
1740.96
1747.39
1496.28
1646.4
2152.28
1900.73
2097.67
1525.9
937.28
1110.06
2178.37
1962.63
1878.3
1357.94
1692.8
918.91
475.51
1404.31
1590.4
1150.43
1140.09
1170.65
1942.96
1934.73
1675.1
2039.64
2038.71
2018.91
1790.28
1576.68
1666.3
1833.31
1525.54
2001.65
1186.69
1271.34
1757.71
1777.89
1870.9
572.52
728.45
1911.62
1583.46
1695.35
2044.77
1631.48
1960.03
1615.06
1970.84
1245.29
1781.75
743.64
1223.54
1710.44
1724.57
1314.06
1524.54
1002.59
1937.96
1643.57
733.66
1584.36
1760.08
810.99
1222.11
1647.76
1775.23
1790.42
1350.53
1021.97
1118.85
871.2
1374.16
1442.73
693.38
1787.41
1105.35
1137.37
1828.12
1552.05
1053.23
1769.98
1341.06
1173.12
1525.12
602.36
1370.75
1237.82
1736.29
784.26
1343.2
1005.91
1875.79
1463.44
1633.24
1790.69
1698.08
828.06
1865.94
1735.14
1104.63
1267.46
1680.91
1567.21
1288.37
1724.6
1703.36
1699.44
1602.45
1475.0
1712.49
807.14
1394.0
1094.89
1594.14
1211.79
1692.46
1795.76
865.48
1476.78
1266.19
1901.6
1683.15
1306.45
738.35
964.23
1855.94
1676.26
937.04
1808.1
1447.99
1212.45
1774.02
1508.45
1456.11
535.22
1081.49
1832.58
1276.33
992.7
867.39
1896.21
1099.35
1369.54
1811.3
1550.42
1484.98
837.14
1886.82
1771.55
1708.28
1842.4
1532.86
1496.61
1599.89
1890.05
743.69
1678.78
1725.29
1522.58
1358.44
1761.21
837.03
1626.83
1435.47
1909.35
1933.03
1456.92
1601.02
1449.69
1773.26
1662.13
932.37
711.75
1260.62
1305.43
1539.39
1799.71
2087.86
1528.94
1181.0
1250.58
1192.31
1497.96
1136.04
1998.03
1752.32
1785.79
1296.46
1649.77
1605.41
298.16
2078.96
1401.37
1638.77
1635.21
1904.12
1904.12
995.1
658.44
1354.45
661.85
1745.67
1754.42
1883.66
427.3
1401.35
1733.7
1491.34
1592.48
1456.18
1236.86
1842.99
1149.28
1381.12
1672.78
1493.16
1998.39
1648.14
636.19
1569.54
607.66
1301.4
2054.02
1780.48
638.18
1555.78
1286.5
985.52
1676.86
873.52
1663.1
1680.13
1578.74
1955.14
1837.86
1513.65
1102.47
1130.18
1783.39
1377.31
1342.91
1354.59
561.43
1222.43
1345.98
984.87
1801.47
1373.81
1943.46
424.83
1816.09
1477.77
1867.13
1651.71
288.23
742.95
1736.82
657.71
1142.88
1116.65
1521.84
1686.76
1266.53
1806.24
1325.65
1771.47
816.32
1536.22
1532.72
1262.05
1492.0
1581.33
1573.11
429.12
1267.46
792.63
1425.17
1556.97
1002.87
1007.99
868.71
1083.36
1017.17
1588.42
1924.33
1865.88
1965.98
1371.05
1890.61
1849.34
960.3
1297.45
777.93
1195.64
1540.71
1138.17
1783.94
2055.0
1543.75
799.16
1538.46
1236.27
1699.03
1606.19
1880.08
1264.43
1822.33
638.21
1469.41
1250.38
982.1
1632.4
1417.78
1666.49
1782.03
923.84
1248.91
1604.63
630.52
1602.5
1381.1
884.34
1766.54
1487.44
2083.65
1224.76
542.49
1070.91
1500.24
1918.65
1768.47
1732.48
1378.47
1369.5
1678.16
1675.48
1424.62
1493.22
1899.44
1402.17
1578.8
1430.09
1668.62
1828.03
1763.42
2057.88
1242.74
1093.84
1145.06
1438.1
1591.67
967.38
1948.2
1567.37
905.43
1535.16
2000.05
1503.33
1118.81
1094.1
1504.96
1210.24
774.27
1215.7
1167.11
1447.51
1229.19
1144.51
1624.59
951.77
1355.45
1233.79
1060.54
1492.14
1762.07
756.07
1652.42
1239.28
399.08
1167.93
890.97
1498.8
944.7
1579.63
1216.91
1321.62
855.79
1724.04
1222.81
1631.73
1231.56
1625.7
1908.87
2116.16
1651.94
1362.44
659.78
1748.1
1526.47
1488.87
1321.61
1616.21
1976.04
1542.47
1513.75
1485.6
1064.08
2097.24
1796.46
1931.43
1131.16
1354.42
1730.36
1639.98
1455.74
579.81
1814.8
1460.48
1738.51
1415.23
943.53
1746.44
1867.12
1383.82
1872.69
1491.96
1514.48
809.63
1460.75
2168.05
1463.89
1634.11
1938.89
1690.72
1528.8
1889.56
1526.9
1521.89
1536.65
1492.2
1513.8
2130.52
928.26
744.27
1903.99
1490.62
1182.58
438.41
1376.83
820.59
941.25
1843.85
947.74
1554.94
1755.38
1744.95
1459.46
1848.17
1445.33
1118.18
1489.49
1826.55
1550.39
1656.86
1593.69
1395.21
882.83
1477.01
1491.97
1182.15
1483.76
1641.69
1675.33
1139.74
1676.42
1528.45
1675.56
1781.85
1112.47
1933.75
1511.59
1814.26
1101.44
2007.85
1589.57
1916.51
1304.16
1063.34
1906.63
1776.08
1532.66
1097.7
1452.31
1775.17
1511.47
1595.64
1327.09
367.25
1571.9
1133.94
1336.91
1383.55
2146.12
1294.63
1426.22
1699.76
935.95
635.21
1223.94
1515.8
1438.37
1572.27
890.97
1022.85
1494.31
1350.06
1435.88
1489.72
1973.82
1462.17
1233.33
957.96
1483.96
1752.09
1569.57
1460.13
1529.58
726.65
1507.23
1137.21
738.95
1462.1
1608.14
1635.45
1872.76
1296.85
1681.27
830.65
1620.95
1884.57
1116.91
1867.71
1210.06
1758.6
651.5
588.58
1508.65
1172.23
1807.81
1042.07
1809.08
1610.62
1166.97
1684.99
1237.88
837.49
1795.04
1720.28
583.19
1287.95
890.1
1123.15
870.25
1446.85
1596.79
1548.8
2184.53
650.92
688.49
587.17
1311.15
1073.12
1577.37
1047.3
2208.45
1638.72
293.38
1507.43
1301.48
596.16
1187.48
1474.28
838.14
1748.85
1772.1
2068.25
849.35
437.44
1492.5
1028.77
1602.49
1544.88
1183.64
1663.72
463.42
642.35
1677.51
1652.06
710.8
873.52
1135.08
1500.8
1490.07
1408.85
1829.61
475.46
1349.99
863.83
1517.91
1675.19
1804.96
1688.15
1470.25
1935.12
1478.36
1907.98
1229.09
1633.26
948.56
1346.12
1265.38
774.09
1620.67
1696.31
1605.48
1737.49
1370.86
1703.21
1485.12
1275.25
1381.62
1222.41
861.1
1762.2
1607.72
1521.03
1433.24
2141.19
1879.35
1769.05
398.9
1130.81
1205.8
2037.79
1508.49
998.02
1546.98
832.67
1894.93
1674.8
2097.5
1588.95
1672.23
963.48
1910.68
1723.53
492.09
1340.71
869.32
1293.73
1456.27
1460.54
1456.87
1595.61
1474.11
1969.9
1090.94
1031.44
1423.9
1580.33
823.37
1480.38
1557.52
1052.19
662.11
893.08
1343.93
1064.27
1560.57
1139.77
1736.42
1757.21
515.97
1503.92
1418.8
1239.96
1386.83
1305.32
1755.02
1589.59
1886.26
2186.33
1889.75
1482.21
1380.85
1046.11
1472.2
1490.88
1781.31
1760.68
651.29
1783.98
1868.23
1906.93
1777.9
1326.65
1373.43
1176.84
1239.09
1736.62
613.48
353.37
1043.17
566.8
1344.99
1047.51
974.07
713.05
883.73
1562.75
1468.04
621.86
1378.32
1992.06
907.56
1777.42
1891.44
1400.78
1689.12
417.54
1473.5
1542.64
962.35
1347.15
1446.28
1210.59
1956.01
1202.14
1510.4
696.52
2295.23
1322.2
1920.07
1159.5
1458.57
1269.86
1666.73
671.31
1406.49
294.74
1156.81
1734.98
1876.77
296.62
1744.1
677.65
1047.15
938.04
1231.85
1717.0
1442.67
1496.51
1563.89
910.65
695.78
1125.56
1916.97
1768.85
1040.25
1889.92
1843.57
1577.02
1027.13
1591.87
1435.14
690.43
1659.94
1091.11
1699.32
1305.22
1492.3
1694.25
1604.84
1362.47
1670.44
1726.99
1622.69
1513.9
1235.16
1567.83
1767.76
1011.66
1776.57
1020.52
952.63
1702.83
1516.73
1883.11
1029.01
1263.32
1333.94
1085.05
1774.82
1371.42
1978.59
607.18
1406.09
1425.84
1223.54
1533.19
1758.35
1794.44
1563.56
1191.24
1274.29
1702.3
2167.46
559.17
1965.9
755.88
968.37
1712.3
1006.02
1456.3
676.06
1841.47
1542.84
1935.95
1902.31
1270.27
1680.4
1526.75
1951.03
1681.95
1456.19
875.41
839.11
1597.56
694.63
1787.2
1210.94
1325.06
2224.85
1586.74
1437.08
1625.97
1204.73
1742.58
1730.82
1966.09
551.4
999.94
1082.45
1425.75
1787.47
1691.99
1483.78
1833.87
1646.93
1515.15
1669.82
1770.01
1548.26
1978.5
948.65
1403.03
729.8
1662.75
1692.29
1725.15
673.31
1342.29
797.68
1238.52
1300.81
1165.42
577.41
1400.58
1414.24
1673.47
1232.24
767.68
1158.53
1572.6
678.05
712.85
1579.15
1710.09
1266.95
1740.29
1712.15
1775.16
1622.66
1648.13
1385.42
1353.49
1803.9
1582.1
1297.88
753.34
1222.58
1077.95
1534.09
536.26
1541.95
1949.73
1706.97
1417.79
1430.02
978.37
1719.14
2137.3
1531.3
1292.89
1824.9
1179.9
1182.22
1532.61
1640.22
968.51
1174.88
1850.19
1712.27
1967.22
1482.35
1619.98
1791.66
1722.04
1921.35
1695.49
1720.51
1732.89
1311.32
1835.12
1213.38
1656.45
1390.35
1502.12
1471.7
1421.16
871.96
709.5
1736.35
1604.09
1217.48
1100.23
1079.61
1499.48
1266.47
567.11
785.73
1591.48
1685.93
1699.29
1504.36
1936.5
1826.11
2093.86
1243.58
1481.73
1021.32
1056.1
967.17
1753.12
728.27
1621.14
1007.07
1734.25
1872.89
1385.94
1589.71
992.5
1513.28
1698.2
513.7
1469.27
1214.13
1450.68
1516.66
1602.31
746.47
1468.14
1738.99
206.15
761.12
1933.85
1621.04
889.06
1185.85
1788.06
548.25
696.63
1927.52
1691.56
1741.3
1943.09
1969.71
1264.87
1580.95
1268.01
1766.0
1676.64
1612.49
1655.73
2005.39
594.15
1760.44
966.79
1771.06
1521.49
809.84
1240.5
1480.68
1488.71
898.76
1444.71
1838.37
1461.45
927.51
1508.86
1455.69
1605.56
1880.97
1647.72
615.75
249.58
931.57
1652.93
1851.64
1875.97
1639.52
1595.67
1824.07
1671.32
1791.39
596.04
1739.11
1874.97
1539.43
1676.87
1883.32
1431.5
1828.7
1451.33
1190.05
1420.48
922.59
1643.62
1541.68
1751.62
1310.34
1518.83
295.69
1913.02
1474.94
1431.61
523.64
817.29
1907.39
1582.5
1711.89
946.15
1857.18
1402.06
806.7
1498.21
1231.96
883.73
658.2
1256.15
1773.76
1868.22
1316.08
667.07
1264.45
1066.0
988.63
1738.2
1218.72
1441.63
1337.2
1510.91
1487.32
1770.96
851.17
1445.69
1848.68
1702.59
402.4
1979.43
1526.96
2192.76
1815.66
921.1
1182.38
687.36
1694.15
1685.75
826.49
1066.88
1747.03
548.3
1161.92
828.55
1679.5
1542.93
2189.67
914.39
1229.34
1239.91
1502.12
1960.68
718.2
1856.66
1322.38
1464.04
699.05
1378.1
1559.51
1921.36
1868.59
720.47
1673.53
1048.09
1879.05
1481.77
1624.64
1694.92
747.37
1171.19
966.57
943.15
1508.6
1419.13
1553.56
1475.4
1368.28
1534.0
1314.74
1400.17
1505.02
1866.11
1039.02
1937.09
1614.55
1698.96
1481.94
1135.56
1439.53
1934.27
1808.21
871.88
1344.6
1491.63
2044.95
1669.53
1722.24
1725.07
1433.66
1492.58
1701.16
1811.29
1209.62
1534.98
837.03
1734.45
1834.36
366.54
1622.73
1888.8
1843.17
1531.38
1400.52
729.65
1224.46
1872.75
1246.79
1702.03
1224.34
657.88
1532.5
1578.26
1358.62
1751.05
1202.67
452.76
796.29
1765.34
1948.93
1830.17
1688.81
1926.74
1353.78
1491.05
1644.1
1556.61
1438.94
1477.11
1430.0
1698.05
1081.07
1587.07
1497.3
1192.46
989.98
719.44
1853.05
1268.47
1553.2
807.7
1185.56
1516.46
1640.41
1111.69
1301.21
1736.73
671.56
1860.07
1021.59
750.41
1759.44
1045.74
1714.24
1926.99
1060.46
1742.89
1887.6
2001.74
822.89
358.15
838.79
1521.7
1774.28
625.18
1794.46
1827.18
1248.33
1596.31
1021.16
689.66
1734.38
830.83
157.84
1287.37
1902.62
1789.87
1636.05
1947.22
1758.9
2060.42
1680.99
1497.97
1450.28
1677.9
905.12
1544.98
1532.94
1802.43
1195.95
1621.04
1186.01
1481.94
1544.38
1211.45
1318.19
1289.8
1895.78
1108.42
1754.56
2138.41
807.99
1859.14
144.66
2009.45
1311.16
1713.34
1733.38
851.56
1860.44
1969.39
1667.83
1674.22
533.74
1524.96
1763.31
1562.16
1425.99
1787.71
832.82
1805.12
1541.76
1292.67
250.89
1889.86
353.22
254.32
1265.51
869.71
1833.71
1794.25
1459.29
1818.2
1584.39
1504.66
1531.61
1248.15
801.54
1718.77
1224.6
1547.7
1184.66
1331.58
1647.87
1663.42
1517.99
671.75
1435.83
1577.89
1906.58
991.97
748.27
1091.15
1228.39
1404.59
1066.84
1300.49
1444.46
1871.82
792.13
1842.72
837.05
1916.28
1921.84
1435.23
1263.26
1456.26
885.34
1994.24
1352.81
968.96
1598.81
1120.35
856.42
568.15
924.66
483.01
1898.99
1882.16
1573.22
1229.92
1214.93
431.93
1431.09
1718.26
1122.39
395.23
1665.6
1676.46
542.76
1345.15
893.11
980.92
1259.38
2051.25
983.04
269.61
1306.54
1939.08
1463.57
1862.34
1913.64
1001.35
1625.12
1906.47
1249.07
927.55
1124.03
1743.29
1425.47
1561.45
997.58
1671.4
1986.69
1725.86
1101.64
1922.56
1888.83
1355.22
1754.78
1489.84
977.16
1845.06
1316.68
1124.4
1500.4
1761.19
1492.77
597.85
1469.57
785.17
1089.19
170.78
1690.61
1837.74
1744.13
1213.04
1222.21
1692.84
1970.71
1609.1
1297.07
1496.45
662.62
1745.43
1920.85
1069.22
1801.48
1196.52
1692.53
2037.75
1640.41
621.5
965.9
1498.0
1860.58
1355.14
1207.17
1505.75
1317.67
1155.83
1764.91
1607.7
1852.67
1596.36
958.1
1845.69
1490.99
1655.0
990.46
1573.75
1114.32
916.17
1487.03
1609.14
1574.34
1476.58
1784.9
1253.8
774.31
966.27
1819.77
1640.95
1652.97
1373.43
1300.87
1338.54
701.65
2014.61
1013.36
1887.7
1091.32
1667.04
566.81
1389.99
1216.35
980.21
417.24
1716.41
1714.97
537.4
1163.73
1991.72
1864.05
1319.4
1907.12
1477.39
1551.84
1641.95
1465.73
2116.09
861.05
643.28
1936.86
1683.01
1042.23
1840.33
2209.7
1539.81
1670.35
1574.91
1414.01
1242.68
1323.83
1268.53
1404.32
1498.76
1958.05
1518.14
1498.91
1652.83
1681.58
1358.6
1914.38
1046.5
1378.44
1449.99
1319.53
2110.76
590.26
937.94
1397.5
1910.5
1787.74
1131.08
1941.75
1648.15
1659.96
1715.79
965.06
851.27
1810.28
256.04
1837.31
1921.47
1931.62
1720.0
1310.49
1533.66
1507.67
1792.44
322.11
1660.57
1196.34
1298.26
1968.88
1288.72
1227.78
1435.23
1649.85
1580.32
1488.01
1532.26
1446.18
1866.26
804.5
1382.05
1091.86
1175.14
714.4
649.18
874.15
1469.23
587.42
1345.64
828.74
1513.52
1960.24
1913.87
1537.36
1946.9
1522.25
1278.4
1806.39
1945.29
1195.08
655.67
1194.55
1895.58
1611.12
1775.57
1935.56
701.01
316.42
1805.73
926.03
1752.95
1023.38
1864.53
1148.41
1505.65
1272.5
1157.91
1170.76
1473.25
1945.32
1257.97
2077.05
1500.26
1368.73
1570.83
1642.07
1910.11
1772.62
1562.07
1254.44
2042.29
1180.75
788.47
1582.38
1145.73
1605.08
811.93
1207.87
1304.68
1640.09
1656.57
2056.81
1201.45
1373.37
1570.8
535.87
1737.66
1544.47
1849.18
1853.06
415.21
677.0
1700.97
1887.1
1198.76
1912.05
780.88
1196.57
1357.59
753.54
2115.59
1445.12
1191.39
1842.07
1796.86
1453.79
1016.7
921.02
1455.0
1562.66
1751.29
1505.09
1753.14
1606.04
1144.35
1878.5
1634.16
1552.08
1845.01
281.32
1736.31
1282.58
1683.07
649.67
783.67
1891.66
1875.4
1404.78
982.08
1581.7
1931.38
1690.35
1267.81
1603.92
1681.13
1120.52
1797.94
1659.22
1464.81
1223.39
1286.86
876.13
1790.55
1975.78
1459.14
1923.74
2192.85
1803.86
1480.13
1714.77
649.27
921.67
1474.65
806.36
1505.12
1467.26
1903.35
876.89
2040.8
1701.96
1575.46
1710.67
1569.58
1741.09
575.82
940.77
724.34
1238.6
780.71
1813.3
1752.44
2189.91
1631.59
1266.77
1128.13
453.86
901.56
1638.32
1510.61
1730.91
964.12
841.95
1412.3
1294.93
1304.34
942.1
975.08
1553.6
1465.97
2022.21
896.73
1049.35
507.21
825.51
2069.28
1444.69
1781.28
1516.32
1566.84
1542.8
1781.55
1800.23
1069.59
1867.95
1481.96
1588.44
903.04
1531.72
1731.18
378.74
1837.72
1885.17
1156.03
1522.42
1040.39
1781.73
1175.09
1540.4
1471.78
1555.99
720.05
1666.76
1778.32
1663.94
969.17
970.97
1869.58
718.57
1757.73
1937.63
815.13
1174.89
1988.29
1198.9
816.82
1744.67
1306.53
1220.72
1007.03
1858.94
970.26
1366.87
1971.95
1245.54
1204.43
1686.58
1935.95
1420.59
1085.25
1473.04
1061.63
746.02
1188.73
1486.14
383.94
1645.2
553.77
1531.62
1257.33
1730.24
1663.49
1662.05
1456.6
1275.1
408.22
894.08
1549.84
1861.8
1355.35
1612.21
1918.4
1640.36
1401.68
1246.87
1195.89
1599.3
452.73
2228.84
1388.36
1030.0
732.76
770.82
1967.83
1341.59
1452.87
1883.44
1798.6
1266.99
1601.63
1597.6
1069.62
1817.84
1651.09
1620.64
1768.28
1480.98
1894.64
1494.77
1768.47
1032.99
917.12
1673.09
1748.15
1476.15
1048.77
2176.69
1405.04
1633.75
1562.08
1582.69
1485.8
1301.74
1601.21
1363.72
1889.81
1250.64
1747.76
1688.39
1609.73
2045.98
1080.13
1405.05
1620.3
1345.48
1479.43
992.57
1131.52
1645.88
1534.61
1819.42
1614.67
1287.35
929.42
1136.12
1025.59
1844.92
1537.91
1336.8
1797.25
1440.69
1625.76
1924.48
1920.49
1594.22
1638.59
1630.92
1298.02
537.43
1659.75
1974.94
1822.63
1743.02
2227.16
1781.35
1812.21
1241.63
1013.54
1248.42
1732.85
1590.43
1590.83
1327.67
1639.33
1683.47
891.6
1895.16
1475.11
1947.3
2060.71
1355.85
856.71
1629.39
1825.88
1774.09
1677.25
1085.03
1904.27
1845.26
1887.61
1080.74
1587.9
1901.24
286.03
679.12
1448.81
902.41
1470.77
1275.06
1802.35
842.16
1234.49
1227.08
1292.87
1702.62
1658.77
1394.02
1285.25
1679.51
1562.65
1504.57
972.99
1948.28
1494.47
1524.4
1350.13
1527.24
1695.25
1326.4
1163.89
366.06
1017.28
1588.8
927.98
1444.9
1789.06
1585.36
2121.32
1850.87
1733.36
1641.55
1654.11
1435.28
1811.07
1626.66
1620.89
1928.43
1916.26
1376.12
1739.93
1554.76
1565.97
1741.48
932.19
1031.09
2152.7
2054.89
1383.77
917.64
1687.68
1997.36
1568.22
1624.14
1685.1
1940.35
945.9
1654.2
715.45
1230.87
1582.18
671.91
1508.73
1611.68
1902.98
1765.82
1595.97
1250.68
1130.28
1336.15
1878.27
1857.22
1520.94
1774.41
1332.4
983.33
1671.96
1331.09
1592.08
1231.36
1511.94
1908.37
1974.98
1913.92
1539.59
907.16
1850.27
1154.07
1568.46
1285.68
1695.32
1239.28
995.65
1290.59
1702.14
1497.38
1565.35
942.62
1676.73
1585.22
1795.09
1986.34
2025.74
370.64
1393.61
1131.9
1396.92
2124.31
754.16
1615.25
1905.75
1159.09
1300.77
1885.7
1735.06
1594.45
1674.48
631.04
730.82
1133.38
1609.15
1530.57
1667.94
1545.51
1649.33
1448.39
1589.83
749.14
1644.76
1783.55
1882.67
1862.61
1840.88
1553.1
897.52
1076.21
1569.07
994.53
1548.5
1539.62
1559.42
932.14
1683.3
1875.34
1106.16
1770.97
992.7
921.88
1698.51
1281.76
1767.09
1910.17
1562.99
922.79
1515.74
949.54
1383.79
1589.98
1098.32
1665.37
1563.67
939.09
948.76
1418.94
978.0
2057.31
1311.45
1304.33
1769.72
1437.31
823.15
1273.15
1524.14
911.38
621.47
604.63
540.25
1380.35
1735.11
721.11
1596.47
1597.7
1390.29
1620.28
1784.43
1928.49
874.92
1505.35
2097.87
1554.8
1747.28
1349.61
1314.06
1777.43
1104.66
1152.73
1090.5
1626.85
1747.15
1450.58
1181.43
1632.33
741.57
1104.87
939.62
1675.46
1003.28
1421.06
824.22
900.59
1417.15
993.81
842.64
378.85
1681.37
988.22
868.87
1829.52
771.81
1971.08
1256.78
1635.88
1816.74
1455.85
928.1
1819.13
2025.83
1741.65
706.66
1018.7
1072.02
1775.72
674.8
1490.41
1714.87
1464.41
1810.9
1058.98
1073.44
1700.82
1579.07
1931.1
1894.49
1472.16
1691.47
1651.84
736.88
1573.56
978.28
1754.52
958.37
303.5
870.38
1317.47
1702.99
1902.72
1033.47
1507.39
1287.16
795.11
1442.14
1673.51
1562.96
1585.63
1844.56
764.16
1688.84
832.97
1738.02
1255.65
1299.89
1131.92
1972.97
1369.69
1295.08
2003.3
1628.63
1212.02
1927.39
1700.18
1597.71
1999.08
1701.04
1256.65
1533.87
1368.97
1703.96
1264.15
1522.84
1217.29
1693.92
1634.88
1790.59
1852.04
2189.1
2224.66
691.56
1528.57
1779.35
1535.36
636.24
690.49
1146.11
1976.41
1363.48
1174.74
1764.35
728.87
1674.42
1578.1
1759.93
539.19
1010.12
1722.53
1758.62
934.14
1162.2
1918.93
1770.9
1778.84
1829.52
1296.86
556.47
1934.47
1495.29
1221.37
2144.34
1464.02
1764.1
1238.68
1644.19
1758.53
1865.77
1732.43
836.6
1748.95
1367.51
1578.85
1810.62
1373.12
1752.78
1320.57
1804.65
639.92
917.93
1311.72
1440.52
1803.34
1135.66
1914.2
1348.29
1499.58
1449.13
1438.97
1507.55
1145.13
1881.0
1888.77
1296.09
900.95
1085.29
1497.65
2183.47
919.09
1809.77
1375.58
2114.77
1431.86
1929.8
669.8
1674.49
1400.54
900.36
1459.42
1023.1
815.77
1545.69
1263.49
1753.59
1516.44
1230.84
1677.23
1471.94
1489.63
1385.3
2192.82
1537.46
1536.01
1120.03
1318.09
1886.65
1639.06
1548.65
780.81
1409.01
1821.37
1676.31
1779.27
2043.36
859.8
1534.18
1789.21
1647.3
989.32
1867.37
662.05
1503.07
1638.23
1151.05
1205.15
814.81
1289.33
1687.86
944.81
1563.37
1754.11
1463.03
1775.57
1230.52
1843.16
1589.96
1669.39
1403.28
362.13
1287.05
1135.11
1796.12
1874.31
427.28
982.22
1318.12
1693.76
1904.04
1430.39
1860.41
1809.96
967.84
1649.91
1910.12
1669.24
1496.77
1511.62
1214.62
1873.44
1457.47
1409.51
1410.74
1803.73
1432.2
705.05
1453.47
1867.55
938.67
1521.94
1609.97
1466.02
1490.06
909.09
731.28
1708.01
1663.29
1031.93
1190.11
1875.79
1548.01
1915.97
554.49
1535.2
688.21
1257.33
1491.04
882.41
731.44
1445.84
715.57
1890.8
1297.16
1296.81
1582.36
1327.84
1492.57
1425.95
1357.07
1300.08
1276.16
928.75
1669.9
877.99
649.58
955.96
541.2
2159.87
1735.02
1343.25
1029.93
476.38
1158.26
1466.59
1412.29
1191.02
2228.74
1192.57
1369.77
1576.3
1807.7
1756.02
1558.88
1666.69
1349.51
1714.92
1851.28
1423.86
1585.48
1289.03
803.68
1732.9
1233.97
1077.58
1792.38
2041.03
1824.18
1313.8
1365.21
894.25
865.84
1914.83
1056.13
1653.85
391.92
1366.63
1562.82
970.26
1622.74
1737.76
1902.56
215.43
1297.05
1932.55
1946.98
706.9
1348.33
1591.76
1928.4
1768.57
1925.79
1426.77
1540.17
850.65
1527.11
998.31
771.44
1396.73
217.96
1832.89
666.5
688.08
1515.06
1358.73
2104.45
1150.38
1827.7
1926.29
944.27
1845.73
1319.03
1976.57
806.18
600.22
1567.16
1666.61
1633.44
639.95
1701.61
2185.68
1228.63
1184.46
791.78
1742.39
1850.49
1806.17
2173.22
1602.77
1546.44
579.66
1200.91
1779.1
2004.13
1408.46
1811.03
710.5
1601.88
1441.21
2001.14
1318.47
1379.62
1663.81
1688.33
857.86
1926.12
1360.43
1506.68
1804.95
1381.84
1283.21
1488.59
1951.03
813.5
915.88
1963.98
1737.49
598.03
1619.8
1517.85
1541.62
1849.64
1757.68
1416.26
852.58
1791.54
1501.45
1561.05
747.87
1476.93
973.54
1500.87
1321.99
1275.13
1803.96
1661.02
1072.32
1693.02
1223.98
1233.01
1328.21
1878.16
1722.88
1402.9
1773.62
1103.37
1921.5
1749.92
1818.77
1843.65
1262.66
1409.4
1549.06
1219.97
1750.5
1761.69
1902.4
1462.1
1790.05
2035.93
622.59
1307.81
786.15
1729.61
1521.02
1678.77
1407.33
799.85
1380.12
1361.0
1462.95
1292.91
1826.38
1815.06
1259.14
2012.15
690.46
1530.14
953.31
1621.03
1223.37
1109.38
1600.68
1542.68
1353.23
671.22
1508.65
1430.73
1516.88
1796.03
1683.51
1506.19
1742.61
1673.4
1487.31
1527.79
1375.94
1239.16
1513.1
1974.43
1025.48
974.74
1894.31
732.65
1750.22
1591.28
1495.52
1287.81
1803.65
1029.79
1851.03
1817.75
1079.66
1710.17
1113.42
768.6
1418.14
852.19
1742.09
1919.13
1541.83
1463.68
1645.86
273.6
1611.46
1173.35
1284.27
1742.05
1034.44
764.24
1735.11
942.6
1372.48
1741.77
823.1
1108.07
678.47
635.72
1481.98
1794.92
1131.0
1646.38
1236.79
1137.83
1960.69
1702.13
1630.36
1647.36
1457.65
1383.59
640.63
1719.63
1809.97
764.1
660.71
852.29
1780.6
1811.05
1222.45
1940.32
1281.08
1271.95
1968.84
1251.75
1931.78
838.28
1396.95
1598.3
891.95
1807.36
1286.82
1163.85
1795.26
1363.25
989.71
1804.87
1963.06
1374.12
1535.31
1165.5
1105.9
1175.13
1591.85
1293.11
1947.29
1253.21
1358.77
1218.36
787.25
1745.28
1499.12
861.98
1444.41
1867.47
2162.61
773.4
1776.11
1674.9
787.56
256.36
1660.74
1368.43
1367.01
1109.83
750.92
1568.86
1708.07
1493.22
1752.26
1540.11
1435.04
961.05
1602.78
1033.22
1148.86
1551.88
1245.22
1032.77
700.45
932.7
1848.75
2087.86
1724.55
1946.96
1329.52
1631.44
1628.76
1184.59
1357.61
1923.86
1235.78
1705.7
1670.61
2095.34
1541.33
1420.84
1512.13
1918.46
893.99
865.79
1464.04
1602.63
1018.38
965.68
1315.93
1210.41
1782.49
1506.22
1330.32
1856.12
1504.78
1596.0
297.88
330.61
1960.0
1606.34
990.13
1843.19
808.2
991.09
721.97
1622.18
1260.2
1968.07
849.97
1493.84
1502.51
786.38
1893.61
1164.51
730.49
1298.12
1745.27
1627.47
1288.26
1850.11
1394.12
648.88
1812.55
2086.87
1411.26
2146.13
1304.73
2206.69
1199.84
1796.48
966.13
1419.66
860.74
1265.87
1308.83
1512.49
1254.34
1586.02
776.72
662.1
1498.12
1165.47
1942.17
1915.11
1579.75
739.0
1362.66
972.12
861.49
1317.19
939.82
1564.08
1436.51
1458.59
1425.24
1669.6
865.63
900.03
1869.08
1328.11
1995.6
1005.15
831.69
1783.54
933.13
1354.41
1644.6
1735.49
1231.16
187.16
1893.17
1287.06
2140.31
1317.16
1548.78
1261.46
1944.23
1762.94
1672.03
1627.77
1607.71
753.96
1910.47
1495.91
1500.42
1572.11
1835.92
1434.97
1334.12
1865.97
1796.1
1195.39
1732.04
1354.4
1038.39
878.63
1199.69
1951.57
1204.15
870.21
1661.58
816.06
1582.19
1279.12
1208.35
1555.69
1517.55
1663.19
1137.17
1678.93
1187.69
1140.05
1142.56
1545.4
1516.21
1278.33
1244.42
1345.52
838.32
1785.4
1286.52
1571.7
1021.13
2210.39
1791.82
1230.35
1839.99
1229.71
1775.42
1541.25
1199.65
1464.33
1535.98
1344.43
652.87
1637.6
1368.13
789.48
1940.54
1233.24
1807.87
1059.17
1464.17
1033.21
1884.75
1539.13
1886.09
1641.37
1533.02
1604.88
926.1
1621.19
838.45
1432.74
1058.62
1230.18
1206.7
1872.02
1841.54
1550.62
1229.13
1066.59
1688.71
2133.97
1741.88
596.74
1196.13
1104.35
1579.3
1503.8
1163.86
1570.83
1494.21
232.06
1513.0
1747.63
1387.56
1672.18
1083.65
1503.32
1821.06
999.32
562.28
2213.54
1200.23
1737.15
1728.66
1466.92
1944.37
1303.05
1696.69
1743.73
532.07
1372.21
308.05
1818.6
871.42
789.1
1887.15
2062.91
793.19
1501.02
1586.29
1938.06
1803.37
312.62
1638.72
1083.72
1857.94
1280.01
2086.8
2047.56
2015.88
1459.24
1643.44
1216.63
1517.68
657.74
1807.65
1503.59
930.78
1112.1
1731.21
1446.22
1743.93
280.74
1714.32
1685.35
949.28
1125.3
733.63
1505.3
1238.17
1074.87
1357.51
1096.25
1553.34
1562.54
1143.21
1376.3
1643.4
1342.74
1606.61
1374.09
1730.04
1884.18
1095.33
1258.57
982.53
1609.51
838.71
694.55
1269.99
867.76
1846.08
1215.31
1014.15
1880.84
1092.42
1965.42
1355.22
1262.24
1374.19
710.11
1330.87
1337.71
1413.58
1901.2
805.66
1299.85
1418.89
1695.17
606.84
1341.78
1401.77
898.72
1921.86
1830.58
1159.82
1274.71
1172.93
1635.2
1806.49
1380.8
968.11
809.36
2100.22
1193.71
2173.98
1179.88
919.57
1956.34
1452.7
1535.71
1259.21
1326.66
1554.88
1266.31
1251.87
815.65
1421.89
1355.61
1289.58
1462.44
638.66
1443.91
931.75
1343.2
1386.46
1711.53
1968.27
1606.07
1289.81
1908.12
966.11
1664.74
1311.64
1793.86
1273.16
1215.82
1561.39
1621.16
1792.19
707.6
997.84
2084.08
1729.47
1409.39
1194.25
1926.46
1711.6
2068.07
1603.64
1522.25
1539.97
1547.61
1435.6
1180.2
1410.98
1468.91
1323.05
691.51
910.44
1847.56
1232.93
1885.59
1912.59
1806.04
1561.17
903.43
1614.21
1799.26
399.61
1479.05
1414.55
1592.53
1657.91
1160.63
1378.99
757.36
546.95
1259.98
1864.08
1982.53
1966.75
1774.89
1389.4
1404.84
1742.38
1834.46
916.59
1761.93
597.96
921.84
1188.21
1488.53
1066.35
1593.33
1164.84
1320.5
1605.62
1877.3
1443.57
1447.58
1689.35
1304.58
1557.99
1937.7
1702.84
1025.86
1240.81
1772.22
1059.07
1387.96
829.65
873.94
1439.74
1798.41
1003.71
796.16
1239.35
1723.46
1445.3
1307.12
968.13
1861.59
1528.06
1593.58
1609.01
1427.88
1319.04
759.61
1470.01
870.96
927.15
1792.69
1978.46
1299.24
1984.88
969.77
1153.45
1080.51
940.26
1001.15
1287.07
1538.05
1440.63
894.69
1601.25
1765.25
1402.61
1417.01
1637.54
1273.28
2016.85
1264.59
1198.31
1415.43
1682.55
1320.21
1087.74
1312.25
1210.78
550.84
1725.77
1655.75
868.31
1281.78
1220.63
959.35
1626.78
1550.51
704.73
1127.32
1657.72
1613.97
1733.4
1831.94
1436.7
1419.55
1719.18
1805.29
1696.41
1967.5
1893.79
1705.25
1709.6
1249.4
1613.61
1336.98
1075.0
1745.17
1320.05
1300.08
1698.04
730.54
1818.28
1163.63
947.99
967.77
1920.06
1452.9
1522.51
1559.21
1484.06
1617.21
935.78
1145.58
956.46
1493.43
1748.29
1019.12
1433.93
1494.66
979.95
1302.78
882.71
1559.01
1778.31
939.5
1299.76
736.52
1686.56
537.27
1077.75
629.05
1455.3
1576.37
2175.41
2120.64
1406.51
1881.12
762.65
969.3
1936.27
1517.38
1334.47
1391.26
1534.45
1188.49
1926.24
1376.96
1015.89
2208.88
2190.96
2069.11
1573.87
1561.59
873.21
1554.04
1212.64
1603.46
1489.48
988.66
517.26
1877.98
1210.29
803.1
1495.44
1567.11
1290.68
1636.73
1935.49
1072.17
843.5
1423.57
1750.59
757.74
640.68
566.3
1840.4
1712.71
1381.94
1866.52
1312.91
1964.27
1621.66
1316.0
1561.72
1948.67
1162.73
1365.49
1532.15
905.05
736.57
1540.01
1588.89
1539.7
1562.59
903.85
1897.84
1790.21
1527.3
2023.01
1905.1
1747.56
1449.43
2189.57
1772.93
1197.82
815.76
840.87
1742.33
998.52
1664.12
1732.09
1481.53
1159.59
1467.62
1288.61
1423.37
845.08
1400.44
1816.42
797.22
1347.87
1062.35
1630.53
1525.12
1262.23
769.83
1228.89
1413.23
1138.18
1478.98
1332.6
1991.75
1293.21
1548.9
1419.85
1864.02
943.49
1806.9
1839.16
1556.17
569.27
661.1
1913.14
1060.36
839.84
1575.06
947.93
1563.46
1513.8
1572.45
1856.91
1464.4
1583.48
1924.21
1863.37
1340.3
1462.4
1485.26
1132.95
1163.36
1149.96
1521.76
1356.71
1331.51
1631.49
1649.6
1306.88
1738.68
1797.99
674.04
702.07
1838.88
1189.69
1479.24
1709.5
1673.51
1232.76
1101.48
1660.49
1380.15
964.36
1902.67
1464.65
1846.66
1531.99
1330.96
1223.08
1444.59
1616.65
1711.58
2193.94
1222.75
630.49
1367.53
1422.66
880.1
798.34
1449.74
1159.05
1867.75
1175.99
1775.12
1753.23
1697.86
945.08
1486.57
1639.94
1126.52
648.86
616.05
1229.32
1826.25
1816.38
453.53
1376.26
1580.15
1676.51
1521.97
1927.22
1972.05
1878.6
1465.05
1990.24
1017.02
1118.58
315.18
1727.6
1498.46
1293.32
1521.84
1604.86
2137.99
1833.1
1773.37
1529.55
1527.66
1503.47
1563.17
2038.89
1935.62
1126.03
788.8
1570.48
1456.19
1255.84
1435.09
1445.7
1851.42
1096.12
1063.94
1363.49
382.56
1546.7
1566.52
1661.42
1485.87
1303.88
1175.46
1353.46
985.35
520.04
1544.87
889.23
1602.52
961.8
1951.07
950.13
2004.07
1867.87
1745.15
1591.04
1851.63
1307.31
1872.8
499.71
1045.53
2201.08
962.74
1346.86
1531.48
1593.41
464.55
1478.07
1468.09
1306.2
1809.37
1913.74
401.43
1545.15
490.32
1609.65
1409.19
1573.67
1457.23
1761.98
2030.47
562.67
152.74
1408.68
1306.38
1274.36
1145.69
626.29
1759.95
905.48
1811.92
1545.38
795.35
821.56
1263.88
1758.37
1830.94
778.56
1651.96
1528.49
1110.57
529.05
727.49
1488.88
1267.84
1029.36
1427.13
851.6
1628.35
655.92
1270.82
1756.33
1596.76
1884.13
1595.0
1416.52
867.45
1765.76
789.51
1660.13
1164.32
1634.81
1344.62
1162.52
1456.37
1526.22
1620.96
1461.92
1923.47
1762.36
1922.7
850.19
1839.21
1362.97
1441.27
1928.5
1661.07
1738.61
817.76
1035.21
1236.47
1983.6
1466.36
1617.35
1723.69
762.43
1618.98
1678.66
1874.22
1093.58
1075.77
889.31
1499.56
2196.04
933.11
1802.87
1613.64
1144.2
619.34
1727.03
833.77
1483.9
635.92
1132.76
1079.3
1242.39
1822.14
2057.58
832.4
1741.79
874.63
679.58
1456.98
1139.19
694.2
1561.44
1775.08
1204.39
1103.09
1176.85
1252.21
1474.28
1467.27
1280.71
1435.32
1380.64
488.06
700.57
1613.18
1256.16
1149.4
1012.9
1370.05
856.34
876.22
1716.31
785.98
916.06
1428.19
1595.03
1645.89
1230.62
1615.72
1607.13
1279.38
1450.2
1913.04
1391.29
1674.81
1774.8
1065.92
1768.07
1503.39
1526.76
1430.77
1338.07
1727.83
1357.35
1787.43
1881.91
1825.07
1851.13
1688.58
1324.4
1504.77
1715.26
1149.15
1441.79
1049.72
1625.51
1905.95
1863.31
1913.44
1347.65
1024.48
1453.11
1733.8
1176.91
1726.98
667.22
1343.14
474.39
1367.12
2036.2
1567.3
1576.46
972.96
887.08
1692.55
1198.56
1342.95
1480.78
1186.4
1951.4
1656.57
629.49
1219.14
1729.99
1287.27
1342.2
1547.45
1018.51
1151.21
756.36
529.01
1777.04
869.22
1697.48
1868.61
1589.03
1528.37
1904.77
855.32
1350.09
1453.68
1347.78
1311.19
691.72
1809.91
1595.22
1450.64
509.86
1218.92
1656.87
1562.45
951.72
1949.46
876.78
814.16
1407.28
1310.48
1789.36
1179.43
1023.93
1882.03
2040.57
1674.93
1418.78
1099.57
566.6
1704.61
1552.06
1700.81
402.34
1778.45
1455.75
1729.89
1595.37
1692.03
918.54
797.08
1722.3
1667.22
1651.9
1465.16
1245.22
1455.29
1030.85
817.48
1949.18
1024.61
1326.07
1461.1
1066.8
1161.23
1592.31
1902.51
1340.34
613.93
1480.12
978.87
1651.2
1521.26
1265.92
1740.89
1513.02
1583.35
1874.9
1648.11
1060.08
1496.52
2124.5
1317.83
1542.79
1397.04
1144.35
1299.94
1513.63
974.3
1498.45
760.65
1386.39
952.94
1177.5
1247.72
718.54
1411.4
1956.09
786.95
2061.96
888.23
1224.4
969.25
1393.64
1896.5
1458.59
1523.91
1183.35
1024.95
804.29
1880.7
1235.19
1913.81
1701.98
1691.48
1104.85
1409.42
1451.61
1801.94
1192.21
1346.31
1637.03
746.88
1899.82
1951.42
1863.23
1776.23
1795.49
1105.03
1729.08
257.75
1394.81
1186.83
1411.44
864.71
2108.75
1341.42
1418.31
919.33
1963.48
923.36
151.23
823.59
934.27
1937.59
2001.66
1760.89
1632.87
1920.03
1244.09
1524.19
1031.68
1263.02
1514.57
930.79
820.08
1759.82
1130.01
757.09
1425.46
1660.74
1369.54
1679.77
1883.44
1053.33
1976.41
1583.08
1499.12
1714.57
1183.95
1008.97
761.72
1051.58
658.31
1628.2
1576.66
1693.1
1568.43
1212.06
1347.18
1297.55
617.39
1818.37
1642.21
1489.96
1759.54
1582.27
1244.82
2053.97
814.25
1299.96
850.71
1674.97
1415.63
883.2
1135.13
1810.08
1419.68
1619.76
1387.72
866.62
2034.59
837.56
1367.61
1487.27
1212.52
1501.18
1315.51
1331.0
1143.99
973.3
1970.08
1546.77
707.27
1851.78
1407.99
1270.51
588.15
1767.75
1533.91
488.35
1224.45
1456.96
294.14
1415.3
1330.63
1130.16
1694.62
1485.01
1146.56
1712.82
2136.29
561.63
1543.74
543.47
1628.59
1437.91
1241.09
1897.14
1880.45
1813.33
1468.27
1403.69
1869.69
991.88
1724.6
1393.5
1333.81
1216.08
1729.22
448.69
1071.97
992.59
864.08
1759.28
849.6
1142.31
1915.28
1501.25
1200.71
272.71
1326.55
1081.06
1055.52
1163.75
909.51
1624.85
1686.23
1845.33
1395.61
1749.56
831.99
1550.08
1331.43
1626.0
1532.43
2179.69
1274.31
1569.25
1429.26
1241.93
1905.5
1895.69
1497.46
1062.36
1766.95
850.38
1431.6
887.18
1898.32
1457.57
1183.07
1618.83
1747.49
2084.77
1692.41
220.11
1556.55
1624.7
1419.6
1122.6
1446.1
1571.2
1046.76
980.74
1884.39
1664.13
1581.52
2043.62
1926.87
1521.66
1302.86
1480.66
1627.84
1348.69
430.08
1620.35
1809.54
1333.22
1202.49
1763.54
656.23
582.47
631.65
1825.14
1234.55
